12 89 11 80 31 21 8 33 22 52 97 63 44 95 28 11 73 6 76 61 45 70 63 62 85 13 15 11 66 30
19 57 72 42 94 1 15 13 7 82 90 8 40 69 45 8 15 76 32 73 21 57 36 67 75 86 38 39 24 74
5 99 28 12 50 78 29 90 87 22 95 8 4 28 13 49 82 37 1 69 74 2 65 97 9 25 42 0 22 4
91 83 17 17 0 68 55 60 98 29 5 68 34 30 15 71 92 23 67 67 3 56 91 85 56 30 39 60 91 67
44 2 86 42 18 65 67 56 31 16 13 80 57 41 64 59 22 77 21 29 4 62 86 84 34 56 47 17 20 39
17 62 25 30 71 43 81 82 68 42 85 56 99 3 66 63 58 20 9 55 24 50 61 62 23 42 96 15 21 25
74 18 57 19 63 38 71 9 5 41 96 16 3 43 20 17 58 23 47 77 43 56 14 54 45 1 4 7 19 86
40 53 14 56 81 37 47 21 83 68 45 36 72 74 62 26 77 49 59 85 20 92 26 47 78 66 67 27 78 84
0 16 67 37 43 28 17 1 85 76 75 25 94 91 9 84 96 72 65 59 96 54 38 99 81 97 63 41 18 60
95 94 46 57 16 87 32 60 12 32 64 95 95 92 2 82 92 35 72 19 8 19 76 82 20 4 70 73 27 85
71 70 65 54 51 39 10 44 40 77 51 72 73 80 45 74 38 23 21 13 16 65 54 71 77 91 43 36 10 35
76 58 36 17 78 59 28 4 29 59 94 87 54 91 8 97 46 47 85 1 17 93 83 82 48 69 40 54 73 39
89 2 33 9 39 79 47 79 29 83 89 64 44 83 3 49 7 71 40 38 5 34 77 39 42 51 17 43 12 29
89 21 4 28 10 83 6 24 76 25 64 33 71 53 60 56 94 24 5 61 88 28 31 37 65 89 6 34 93 9
95 64 93 32 50 8 19 22 16 72 62 50 81 8 27 45 26 74 96 70 94 37 52 23 85 95 67 17 8 59
61 28 8 7 29 53 80 46 85 86 15 73 98 73 53 86 67 87 89 85 35 6 91 71 49 46 60 26 44 19
8 70 5 40 37 85 70 23 45 71 89 43 74 89 22 46 99 65 20 83 60 89 1 91 54 16 50 18 68 59
66 86 78 75 35 96 16 43 76 54 97 20 19 52 51 17 61 49 98 6 86 23 12 72 23 68 31 12 12 24
30 73 22 92 3 77 64 70 15 73 91 68 74 88 27 26 11 59 19 33 47 86 62 66 57 72 60 29 24 32
61 33 37 83 76 48 81 24 6 30 44 96 6 81 62 37 56 46 20 80 29 38 48 71 26 88 83 27 92 74
49 21 15 62 70 16 30 72 13 19 57 6 47 2 41 95 33 48 9 15 40 73 37 40 23 56 42 66 80 92
92 86 20 89 91 92 62 73 97 23 94 61 93 60 43 5 20 45 25 82 85 3 20 77 34 6 29 47 29 15
16 79 12 49 46 69 13 35 95 37 63 8 12 8 3 89 5 56 13 67 42 44 56 95 96 42 93 61 65 47
50 82 90 87 99 3 84 14 9 33 6 23 57 92 73 19 61 38 30 17 73 87 98 64 94 91 92 68 82 17
18 1 81 18 41 69 30 61 16 53 57 0 26 2 78 82 57 42 47 61 54 41 15 28 79 82 67 97 17 7
53 11 87 23 9 14 17 49 5 37 24 21 41 73 88 90 55 37 53 89 9 27 72 31 20 46 53 77 36 99
40 52 39 0 25 0 97 26 52 28 75 11 29 30 3 4 49 15 6 43 14 96 96 94 43 54 50 60 93 40
48 41 85 10 98 71 43 86 16 70 25 41 17 56 62 78 84 12 56 87 92 80 49 32 60 3 6 76 64 16
65 15 69 76 85 58 36 5 5 89 86 2 10 99 65 25 79 9 47 3 11 4 10 82 43 21 86 80 18 79
50 42 81 46 94 23 89 10 72 54 71 91 64 21 30 72 1 97 38 70 4 60 81 10 31 20 60 75 63 19
-
53 99 87 77 2 25 20 50 18 32 72 88 2 34 30 72 73 41 77 9 76 19 48 38 94 17 52 74 49 39
69 74 24 59 10 61 3 19 54 71 75 31 84 30 1 82 4 17 17 84 49 20 59 70 48 64 17 67 83 17
54 32 61 52 64 30 2 18 53 59 11 72 69 2 78 85 71 11 46 86 41 87 68 21 0 77 45 11 71 80
38 64 42 67 54 38 61 82 5 4 2 27 8 41 22 72 54 2 60 94 9 77 83 27 33 9 58 5 83 61
61 50 69 3 25 57 92 14 17 52 53 50 43 35 75 12 25 79 91 29 87 1 38 63 51 47 70 84 46 97
78 1 47 73 36 8 35 58 43 74 45 22 80 11 50 35 2 59 78 43 11 66 20 81 88 50 0 8 26 4
3 36 82 99 68 93 67 79 28 5 37 57 86 87 76 70 53 68 16 74 34 39 92 84 70 15 74 88 16 33
33 28 94 54 65 29 86 82 32 85 53 28 71 14 84 75 71 92 46 88 19 45 56 70 97 87 75 88 95 42
63 92 1 31 68 72 17 39 43 49 42 68 12 45 20 60 59 20 41 59 25 35 21 57 23 41 0 69 93 51
12 96 10 57 93 2 7 99 91 42 1 65 34 53 45 64 50 41 71 12 51 14 75 33 0 15 57 92 45 89
63 25 42 16 34 49 58 60 79 68 39 69 24 38 85 81 54 12 92 50 10 14 26 21 81 57 54 60 33 68
45 1 79 26 31 23 82 69 10 14 56 38 94 56 87 98 59 38 28 99 36 64 55 91 90 52 25 93 39 30
46 87 21 16 24 92 80 89 44 39 5 58 14 65 58 59 80 92 3 36 78 70 37 64 96 14 40 47 45 71
71 92 69 38 19 72 14 71 73 81 47 15 59 82 67 66 10 53 53 47 3 56 91 43 30 26 20 33 53 43
26 40 13 64 11 50 54 32 42 99 24 89 78 54 25 10 36 83 11 66 12 12 57 68 29 25 1 20 45 83
8 11 34 51 66 24 18 59 24 61 75 75 62 91 95 73 26 28 94 34 15 88 80 41 66 85 76 18 62 57
67 83 37 11 61 60 72 96 75 58 98 31 68 40 88 46 77 5 39 60 23 33 56 14 40 24 48 14 43 62
59 26 53 27 7 96 90 27 16 43 32 34 23 18 57 32 33 1 91 45 11 93 61 78 45 41 73 93 0 54
82 61 23 3 4 27 42 74 41 12 90 33 22 10 81 65 73 87 34 43 58 64 77 97 42 49 65 28 96 88
93 99 51 12 76 22 24 54 24 31 46 68 73 84 9 3 50 42 92 11 75 74 90 1 33 67 29 22 94 25
47 27 69 69 78 83 17 4 52 15 86 92 92 27 45 90 13 26 90 19 25 28 67 29 9 74 28 6 40 92
41 35 28 50 22 88 34 94 22 26 29 35 15 75 44 14 97 35 82 37 36 15 85 23 22 7 44 18 27 2
4 29 95 2 34 1 31 90 62 46 12 30 32 5 6 21 2 39 16 83 99 59 20 90 41 52 63 87 7 41
79 88 7 42 18 98 8 23 29 84 11 6 14 64 23 27 89 9 11 39 13 74 54 65 49 0 58 19 52 42
15 49 84 5 49 31 22 9 47 73 12 45 53 78 2 62 86 20 72 60 78 25 23 68 85 17 73 42 8 32
71 71 22 22 87 65 93 8 2 15 20 6 43 52 47 18 78 4 9 89 67 45 67 92 96 56 71 30 77 25
35 22 27 25 22 25 61 45 33 36 8 31 5 96 73 7 28 37 77 77 80 10 33 42 62 1 2 84 86 16
42 44 37 55 88 89 81 60 18 19 86 78 19 60 70 99 8 30 50 93 19 53 92 19 82 60 64 60 79 29
90 9 99 21 24 94 42 12 84 27 31 0 45 99 89 98 77 75 73 16 58 42 57 40 66 89 68 29 36 99
63 7 78 8 32 15 20 17 59 85 59 88 4 53 53 80 87 81 8 66 86 53 82 59 66 18 87 74 76 5
