22 12 57 97 60 80 76 2 91 63
79 57 34 37 84 25 90 53 14 29
57 16 95 80 35 20 15 29 69 59
27 57 26 47 91 29 98 57 48 23
97 20 8 75 36 2 3 24 28 59
47 97 26 43 69 98 47 17 2 88
78 73 45 40 2 81 64 20 61 84
6 80 1 87 64 46 76 81 60 97
76 5 58 45 21 51 70 34 61 30
88 66 40 4 27 1 10 2 43 4
-
94 51 26 59 42 87 81 91 38 43
90 30 10 41 43 33 65 75 14 85
53 76 85 97 57 24 29 97 92 66
69 60 57 79 49 34 85 41 81 11
3 41 51 38 32 3 68 11 35 52
22 12 50 65 43 37 0 38 37 2
53 20 92 26 1 93 23 68 94 40
70 32 88 53 27 64 23 38 29 44
93 4 46 52 77 60 75 56 29 17
52 27 12 63 82 50 63 49 47 20
