90 12 67 59 79 47 89 68 41 46 38 22 75 67 69
94 95 58 19 83 89 3 9 47 14 98 73 70 45 75
44 51 93 0 21 14 51 96 61 43 94 18 79 38 76
87 10 94 91 62 81 20 39 18 95 4 38 66 33 79
32 93 10 59 30 26 3 79 89 93 18 14 20 8 38
88 28 46 51 9 63 59 34 28 5 25 32 17 78 22
99 22 24 46 95 97 69 64 53 96 77 39 75 83 81
71 8 65 12 82 87 80 2 50 97 86 34 39 54 39
91 96 75 54 62 89 39 26 70 23 60 18 42 12 36
25 3 19 26 86 99 52 73 54 3 14 37 81 75 69
50 7 68 78 78 36 39 43 78 29 17 37 27 27 38
21 58 94 56 23 49 35 68 53 78 37 81 83 48 75
96 63 79 79 70 26 15 49 69 48 75 83 32 68 78
34 28 86 19 31 15 67 33 24 40 77 1 53 29 58
60 81 3 52 11 1 30 20 97 38 63 41 75 79 98
-
38 55 6 24 56 16 69 69 67 72 71 42 84 31 79
14 78 73 95 80 14 82 80 35 6 36 89 66 94 85
78 33 65 87 30 15 48 38 69 46 8 67 9 97 57
91 30 7 45 56 6 95 72 56 88 20 94 73 74 27
91 72 4 82 22 43 18 88 73 59 60 1 62 3 98
96 66 37 59 23 60 49 91 8 32 11 24 85 10 63
79 63 69 85 38 85 91 82 53 9 64 63 24 52 27
51 99 94 44 92 33 71 74 22 56 39 11 16 31 30
98 97 93 99 15 6 72 20 36 91 42 74 74 1 85
32 16 12 76 11 9 14 59 2 62 10 32 13 4 5
81 41 76 14 9 18 5 31 65 13 25 78 35 18 12
81 38 44 74 4 9 62 82 87 14 25 38 87 11 96
3 62 13 8 87 61 9 14 83 31 16 21 8 94 23
13 19 39 94 92 19 21 46 27 20 72 41 92 33 1
87 85 21 17 22 15 84 67 91 25 15 96 16 78 10
