48 81 43 45 13 86 25 44 37 76 17 92 59 47 37 97 50 54 59 63 71 27 80 23 80 98 31 35 74 58 95 83 21 13 83 63 83 80 80 62 75 46 21 8 80 70 11 69 95 87
97 95 68 25 45 86 22 19 59 10 96 72 13 73 40 38 74 58 15 56 56 4 70 81 99 43 69 79 15 65 9 70 5 30 87 2 44 0 32 69 20 58 13 42 77 12 0 98 16 64
20 61 68 43 32 13 78 34 70 21 41 66 6 73 90 39 6 79 18 40 86 46 35 95 65 26 30 51 24 73 1 79 77 51 90 33 85 73 14 51 65 53 93 47 51 19 98 69 54 53
64 40 11 57 27 85 28 26 64 40 8 61 6 76 33 84 66 91 73 65 46 97 89 36 27 82 40 65 42 9 98 24 8 35 35 9 54 65 20 70 9 29 56 1 83 49 87 5 96 33
29 18 37 73 17 16 21 5 39 12 39 3 52 4 47 61 17 69 69 31 54 47 16 66 85 47 17 41 86 58 76 30 91 31 4 2 39 68 6 74 60 39 59 32 90 0 87 42 27 78
23 73 50 45 1 62 13 39 9 0 5 23 13 68 32 35 6 53 21 63 62 51 21 80 90 75 15 57 44 10 13 65 44 29 85 95 38 78 8 12 78 38 21 46 72 53 15 62 25 59
51 11 31 32 7 1 59 38 95 1 64 44 22 38 94 81 41 33 75 69 32 76 18 97 67 73 60 68 11 59 93 28 51 18 4 58 23 43 12 27 26 49 47 89 25 56 36 69 15 13
29 4 61 28 29 64 58 90 8 14 76 21 53 95 97 42 17 62 54 64 9 4 84 33 27 83 67 11 56 69 84 9 85 72 62 86 60 0 44 50 40 96 66 67 9 25 53 47 90 82
92 43 10 43 37 10 1 6 48 1 88 36 29 57 82 29 74 25 93 88 15 29 19 83 79 31 80 69 34 59 16 13 27 24 71 38 61 52 7 6 33 62 39 23 94 37 50 20 29 1
57 41 67 46 74 34 49 77 96 90 70 20 65 38 96 67 9 78 27 79 45 11 22 91 68 28 71 99 9 17 85 21 27 30 20 4 97 22 14 54 31 21 40 97 38 54 50 41 92 90
62 54 20 52 20 50 61 8 12 35 65 14 10 43 7 87 91 71 99 56 22 50 32 62 79 77 35 1 34 10 72 87 23 85 53 33 8 79 82 13 51 84 17 8 73 96 44 5 50 51
52 82 27 87 85 69 69 8 46 48 81 26 97 61 64 3 56 51 90 50 47 50 55 28 75 22 36 90 29 16 83 12 92 27 95 88 42 6 37 5 18 48 49 90 52 96 12 61 75 72
47 66 86 15 83 86 96 12 69 86 15 71 43 8 37 34 56 96 16 48 83 91 9 34 74 43 82 11 78 49 32 28 43 27 42 69 34 24 71 76 33 58 61 48 57 3 35 49 16 31
32 38 58 92 79 66 38 82 31 32 33 32 90 2 76 79 46 1 44 96 55 46 59 95 78 74 86 98 7 54 29 23 63 44 17 26 72 53 52 4 37 20 57 36 86 56 67 97 9 70
65 14 71 76 21 59 27 56 34 83 80 72 28 75 53 15 89 47 62 81 99 19 15 83 18 2 30 42 46 49 92 56 73 30 74 56 52 91 86 18 16 27 35 35 54 64 73 75 38 67
11 20 45 89 42 51 54 12 84 43 45 96 97 95 91 11 40 4 73 38 70 56 33 53 87 22 99 95 28 99 94 23 1 88 71 26 94 34 21 94 88 67 3 69 38 10 88 99 33 87
35 34 5 43 40 47 47 43 4 62 20 35 8 79 58 17 65 2 27 4 42 41 95 64 83 52 74 30 31 20 4 19 53 47 78 95 97 85 68 27 59 11 80 47 99 57 33 82 34 81
99 95 56 0 57 48 45 11 0 98 76 87 39 80 39 15 1 66 40 96 46 35 35 5 22 49 22 59 4 94 80 77 68 28 32 58 77 64 27 32 91 34 5 58 86 88 70 44 4 94
77 9 22 28 81 64 10 5 52 17 98 21 18 79 66 12 19 56 21 94 45 31 0 94 74 32 68 12 16 15 96 53 80 61 78 33 1 5 60 46 99 15 40 29 14 42 56 20 38 91
18 72 87 34 20 71 99 13 81 32 68 77 13 99 18 6 92 39 19 40 61 1 46 88 19 85 47 15 79 20 17 78 26 15 1 44 22 11 0 28 18 12 53 64 89 95 68 58 62 20
9 69 97 37 7 17 31 91 98 16 12 47 86 71 84 16 88 66 6 80 72 47 29 69 62 20 81 14 40 65 82 99 66 97 40 50 27 74 88 69 48 46 8 7 54 22 89 70 41 14
42 22 64 28 75 40 68 23 92 35 65 93 64 61 93 50 23 53 20 79 53 39 94 21 34 16 55 16 79 36 10 53 4 35 91 0 4 9 15 64 87 33 95 29 18 98 14 28 37 70
58 48 23 73 88 53 32 1 96 93 98 84 37 68 51 70 48 77 89 88 81 63 94 61 82 99 67 39 39 50 95 68 94 66 15 57 20 16 78 41 71 68 85 94 79 43 95 39 18 42
86 98 50 14 70 20 62 60 1 11 82 65 28 70 25 19 76 58 77 28 0 60 96 63 97 77 80 5 66 63 23 85 9 69 54 51 36 56 61 72 47 70 76 94 31 40 47 76 78 68
98 66 75 90 22 82 32 27 38 15 55 60 91 60 54 89 12 10 91 88 37 23 91 50 91 87 69 50 12 17 29 67 76 68 13 37 71 3 14 25 24 92 44 14 70 97 71 68 15 94
31 22 20 54 79 89 76 76 16 54 93 69 9 33 44 34 56 62 89 18 26 99 49 26 44 27 39 69 42 50 2 20 89 5 36 36 82 81 96 94 49 84 20 30 99 18 18 93 85 62
31 0 99 4 7 40 53 30 53 12 48 73 76 13 59 49 57 66 39 72 76 73 58 96 27 36 94 5 74 87 87 16 88 59 72 30 66 95 28 19 38 10 68 85 24 52 78 31 37 43
1 80 91 41 33 19 22 58 90 13 20 52 58 79 45 56 28 60 25 96 55 77 86 18 87 81 91 31 91 39 82 55 20 60 18 64 96 80 85 40 44 13 56 36 11 9 16 50 66 22
93 25 56 94 14 8 56 89 75 25 89 4 27 26 71 51 56 99 5 66 80 11 41 76 97 1 48 96 46 67 41 7 31 35 47 26 19 76 22 96 91 78 2 19 80 0 83 37 47 9
53 94 51 0 96 95 66 92 60 46 84 61 1 55 78 84 12 91 44 45 69 49 53 8 34 19 75 23 26 99 19 82 6 0 53 73 75 47 21 59 55 54 26 43 56 75 66 39 35 56
60 11 32 81 62 56 12 41 14 45 64 41 94 12 26 7 26 65 40 68 58 45 49 86 10 73 55 49 43 54 30 37 13 87 47 50 91 47 11 92 26 76 98 33 45 88 58 28 97 62
34 65 66 78 52 23 77 62 2 5 14 63 7 49 77 96 6 93 92 99 86 75 0 23 98 1 12 65 2 93 72 16 58 60 66 78 67 51 80 66 62 6 73 25 5 22 96 97 32 59
64 44 7 18 60 62 85 48 60 26 35 73 7 89 23 77 54 11 48 29 31 74 43 48 74 67 59 84 18 47 21 77 31 54 55 70 97 99 78 31 93 7 3 1 12 36 85 73 78 18
12 16 16 92 68 84 16 87 99 97 15 52 9 50 69 52 28 60 84 65 85 29 5 83 76 57 15 25 41 48 53 91 42 3 7 33 79 20 62 72 80 27 11 30 76 73 99 63 9 22
54 43 48 17 39 82 2 26 43 54 25 41 57 33 71 10 60 88 57 5 35 65 91 55 96 11 17 3 1 60 84 51 62 36 55 54 98 45 73 49 78 52 93 17 77 49 84 48 9 62
48 63 37 67 96 2 80 59 34 88 31 8 40 9 12 0 6 97 93 51 92 38 3 24 35 15 50 17 66 80 8 7 95 23 28 78 21 38 72 75 65 63 65 20 85 66 56 44 29 49
53 39 7 45 76 49 5 11 88 28 35 70 10 14 54 30 42 74 89 34 11 57 21 73 28 64 72 79 96 60 46 73 66 21 52 0 9 38 81 7 30 44 44 0 9 35 29 43 3 68
20 37 39 62 31 15 55 88 38 94 2 17 58 7 29 19 99 97 58 82 12 59 26 96 82 52 76 2 37 37 48 81 26 61 39 86 14 42 97 83 21 51 76 7 79 14 25 9 55 98
8 4 76 36 88 8 83 78 46 13 76 46 31 9 17 13 88 63 77 17 42 40 61 80 63 91 40 38 62 96 82 79 28 4 26 64 65 65 45 69 24 58 40 25 6 46 80 48 31 62
14 0 78 9 50 45 34 90 5 51 46 57 38 89 38 74 6 11 55 42 15 69 58 75 63 37 29 73 16 58 86 41 67 68 41 73 85 9 83 6 32 23 81 18 54 35 52 27 3 12
47 78 87 76 56 47 93 7 29 56 92 93 31 53 6 15 51 29 3 94 72 19 54 4 22 56 13 25 72 22 23 37 63 32 54 40 88 48 52 72 30 76 91 80 16 47 72 71 97 66
25 41 55 4 7 13 78 18 28 78 37 71 49 71 53 68 50 69 99 36 6 39 37 31 13 48 13 30 44 47 86 99 58 6 50 23 78 59 19 92 14 87 2 78 49 69 85 91 41 62
98 35 54 38 4 46 43 32 32 41 36 96 44 92 73 67 72 29 69 79 5 61 39 2 6 77 80 1 71 68 42 62 89 36 23 1 96 98 47 50 87 96 68 10 4 59 64 56 58 64
52 54 58 67 35 97 25 19 5 30 15 6 54 66 72 55 28 58 86 83 24 66 51 38 96 93 33 44 0 91 24 67 2 17 39 71 17 41 96 84 37 94 14 12 68 77 73 51 55 48
97 89 96 46 2 12 35 65 58 82 3 10 64 65 21 17 41 45 33 14 13 95 89 66 90 41 31 65 82 94 97 51 88 21 40 49 53 43 9 89 80 63 23 90 17 39 73 25 54 52
33 59 72 92 61 81 85 80 80 5 5 47 53 44 5 50 92 38 71 56 29 87 55 19 65 90 11 75 11 86 66 44 62 83 40 97 2 13 86 65 23 61 6 37 74 99 70 50 26 53
92 16 99 39 62 37 12 83 43 10 34 87 80 52 3 52 95 41 28 81 39 79 40 76 76 26 40 0 56 52 84 69 19 12 53 24 73 19 1 55 13 1 38 27 90 86 34 42 12 19
72 71 62 65 84 58 2 70 0 3 86 71 68 5 80 49 91 50 41 31 54 50 49 12 92 53 18 82 62 39 3 78 32 5 3 91 71 81 36 38 68 51 56 63 18 75 80 2 46 81
18 76 28 40 33 69 66 43 78 38 59 87 56 38 99 51 85 89 86 4 29 0 63 81 71 31 1 74 11 26 26 43 13 1 71 42 19 42 91 36 99 0 85 14 50 90 81 82 95 28
34 82 85 12 53 28 57 66 99 28 49 10 42 23 95 48 21 83 73 56 37 94 59 98 40 6 26 31 69 27 27 97 44 81 37 65 14 25 29 3 7 49 18 45 14 10 27 13 78 36
-
14 46 70 43 67 45 63 94 90 20 51 37 64 10 61 25 35 50 78 0 83 66 97 69 96 0 96 1 14 8 6 97 10 62 88 4 52 86 79 95 19 9 67 89 33 28 24 34 64 19
40 82 79 96 68 35 28 61 17 21 76 70 4 55 46 77 55 66 39 60 98 49 75 64 12 99 62 45 16 75 58 22 87 90 36 75 39 31 97 46 31 70 34 18 58 64 32 67 21 78
59 8 57 91 86 19 95 3 56 4 9 75 40 24 90 65 13 69 72 33 54 44 31 80 45 39 43 64 34 11 48 61 36 34 48 29 1 76 10 5 41 28 43 8 36 34 18 13 60 94
31 73 88 21 46 1 20 80 17 2 53 37 24 77 60 54 91 26 4 50 42 73 31 35 45 96 68 2 73 64 80 70 85 30 2 37 64 3 46 34 41 59 29 35 23 85 63 75 0 96
62 59 58 59 55 73 94 68 12 89 41 78 46 74 66 2 50 77 82 92 39 71 14 53 56 32 45 6 8 33 10 30 11 77 55 78 96 40 69 86 65 38 7 65 6 31 44 3 14 67
48 57 15 71 31 62 3 18 44 72 90 19 58 11 30 16 33 95 33 28 42 77 66 85 4 4 89 82 30 68 23 12 98 18 76 71 74 92 29 17 46 18 4 43 90 3 4 99 17 28
3 11 26 34 7 1 98 61 6 81 87 90 58 46 52 61 27 43 43 29 14 56 50 59 13 42 84 90 70 45 10 68 1 92 3 7 8 62 68 53 21 42 9 31 45 17 18 76 12 92
94 91 43 8 93 79 8 53 26 91 59 87 19 85 72 24 60 93 2 67 49 77 55 36 39 29 43 58 50 46 43 75 62 44 98 20 47 22 48 46 44 63 73 85 14 55 60 79 87 90
60 90 62 75 20 93 53 6 58 29 59 79 59 57 22 33 61 10 77 35 42 17 13 7 0 24 60 47 46 48 13 29 78 53 51 1 1 79 2 29 65 54 38 28 72 22 88 41 65 15
72 3 66 75 69 96 30 47 77 19 89 93 99 57 8 11 65 99 11 92 81 35 12 6 5 68 96 65 30 42 2 72 26 89 43 9 77 29 18 20 41 97 20 37 75 41 97 55 3 25
20 35 54 86 46 72 74 16 78 53 46 82 82 25 17 65 41 75 15 90 46 56 86 28 17 2 40 84 2 75 74 21 10 31 67 42 28 16 90 27 16 98 88 55 53 33 85 51 12 28
64 77 88 43 10 62 83 83 90 83 56 77 71 56 35 67 2 63 10 85 31 28 44 41 5 84 55 22 43 40 61 75 65 65 20 90 54 66 22 81 18 92 99 9 6 87 48 99 17 90
80 5 21 33 45 11 25 10 90 63 88 1 85 54 78 24 10 45 78 97 67 6 34 8 48 14 10 89 89 5 12 53 42 94 39 48 12 18 73 80 62 37 49 16 90 2 97 0 84 76
88 43 56 29 91 68 0 49 83 17 13 78 26 57 43 85 30 53 62 76 5 85 23 88 59 23 83 39 88 73 78 8 21 48 37 5 56 72 40 42 56 66 78 47 96 11 16 86 23 95
44 72 63 27 1 32 2 89 13 20 3 35 27 9 34 43 50 13 48 69 76 77 78 12 35 41 56 36 66 54 37 37 51 23 94 6 32 72 65 63 24 47 36 33 65 99 16 95 72 59
80 84 61 12 4 30 8 53 49 45 97 57 44 20 14 37 86 70 13 8 37 6 52 57 82 88 91 31 73 18 48 61 82 6 73 30 92 3 79 63 63 48 28 51 51 92 15 47 39 59
91 81 48 79 68 7 74 4 23 20 45 24 6 74 4 86 47 75 62 33 77 36 79 12 94 93 93 79 51 76 21 38 40 13 38 46 60 31 15 73 94 93 79 21 29 59 2 23 72 68
88 29 14 59 12 93 18 88 94 77 1 65 59 6 12 36 91 48 26 39 3 84 0 33 34 75 29 35 34 46 54 45 41 17 6 17 36 47 83 99 79 28 34 24 27 61 14 63 71 68
1 84 0 19 63 95 74 66 42 95 43 44 63 56 56 64 66 35 29 39 99 14 15 3 50 91 74 72 89 19 23 93 86 49 96 31 34 1 92 86 3 40 48 80 79 48 65 69 19 9
57 60 22 82 79 86 55 29 91 62 71 1 65 20 49 5 59 93 13 82 58 72 70 1 42 94 85 68 59 97 76 80 45 46 74 47 66 42 92 34 17 39 22 3 51 46 18 10 80 7
10 90 51 25 37 59 50 36 54 31 27 86 34 59 68 91 29 99 65 41 95 88 99 96 96 47 84 93 8 52 94 52 15 35 49 90 39 95 47 36 81 72 91 49 68 66 11 68 34 39
45 99 52 60 70 14 31 76 38 56 20 30 55 82 82 23 91 98 22 39 56 9 52 96 26 5 89 92 83 74 2 89 7 53 12 38 72 39 36 91 39 46 88 58 37 15 85 70 18 60
50 46 34 69 42 95 40 11 4 16 73 67 7 0 88 61 72 65 62 29 25 29 87 66 80 93 72 1 31 50 75 17 88 14 82 57 15 86 68 24 89 53 30 37 1 5 12 13 9 55
79 7 31 88 28 12 39 97 57 27 29 20 94 56 97 19 38 98 91 63 36 83 78 94 96 84 53 70 16 57 56 70 2 25 44 52 39 7 62 10 79 62 24 74 9 39 9 25 25 58
55 95 54 12 93 82 62 24 74 82 5 18 89 98 40 12 91 10 72 81 35 75 32 93 53 15 89 37 16 19 81 33 12 36 68 73 22 4 3 62 71 55 72 22 67 25 98 66 38 6
9 22 65 7 11 61 14 2 25 91 20 12 59 18 20 43 52 51 52 65 91 16 51 15 4 67 8 57 40 94 59 2 4 56 9 94 27 70 27 43 33 84 95 4 37 20 81 23 85 72
9 40 40 97 9 0 51 46 91 63 49 85 71 7 8 56 21 47 0 12 74 30 25 65 31 56 91 66 62 48 99 81 24 55 69 87 41 90 73 97 58 81 75 41 59 95 41 59 12 76
62 57 9 46 0 37 83 29 21 16 43 28 28 37 26 89 66 55 65 98 77 93 18 39 40 12 90 95 46 36 9 40 67 71 1 32 41 49 83 6 42 35 98 66 11 16 8 36 49 39
95 47 27 30 21 31 2 7 88 43 45 52 31 24 25 90 30 7 99 65 30 51 75 30 94 87 5 75 26 88 40 95 96 22 21 76 53 33 39 79 62 15 68 31 51 59 0 40 28 65
36 60 29 36 58 98 71 66 9 20 44 23 62 79 9 80 68 94 1 18 64 28 38 43 48 99 42 91 15 57 69 47 85 47 25 66 47 78 88 44 59 29 54 83 63 64 30 53 12 82
60 89 62 42 68 37 4 13 62 21 82 60 22 86 55 7 47 21 68 68 37 32 30 93 61 62 4 72 61 50 92 92 89 30 35 12 60 36 61 76 46 12 12 19 32 95 99 82 36 26
74 54 6 49 84 74 68 9 88 85 3 47 76 98 38 82 72 48 54 43 9 5 53 75 71 51 18 31 3 56 31 34 77 3 80 85 96 34 79 31 38 31 25 61 82 30 92 46 62 34
15 42 72 79 2 40 8 95 51 71 50 60 91 83 7 92 48 45 65 1 11 31 71 46 28 85 47 7 59 9 82 9 20 67 2 10 68 53 9 60 71 58 52 22 69 32 47 63 90 55
63 70 62 42 61 20 62 81 50 84 21 25 99 4 31 44 77 6 8 52 9 31 8 32 81 76 18 1 72 73 1 73 76 99 24 34 5 96 35 22 55 4 38 84 65 37 84 51 80 64
97 24 8 55 70 65 0 31 10 33 0 53 28 24 52 50 5 18 37 5 78 38 28 10 41 34 68 80 67 34 79 94 54 37 52 91 64 4 98 43 68 29 57 15 53 88 10 2 97 25
32 93 98 19 65 22 19 63 52 29 81 69 45 73 5 66 45 94 66 7 58 81 69 69 68 20 17 67 87 2 55 27 93 47 76 73 37 88 50 43 42 46 34 28 95 69 52 81 29 15
3 47 91 9 18 61 44 30 77 20 79 98 53 44 32 19 82 48 72 34 90 13 58 17 68 99 57 14 24 43 51 20 98 59 96 99 50 29 44 9 79 78 89 60 8 22 16 24 83 51
78 12 63 64 97 75 94 54 89 60 0 40 0 38 30 27 12 39 92 63 85 99 60 23 71 33 69 13 6 43 79 1 77 89 2 73 43 25 7 71 96 67 86 29 30 13 5 75 89 93
30 98 47 89 28 91 94 50 50 78 31 38 7 69 55 11 83 34 7 58 65 14 49 14 23 24 21 82 2 9 63 4 17 11 12 38 49 64 85 41 55 88 39 41 28 9 49 19 39 48
58 36 36 6 92 67 29 64 2 9 82 55 99 35 23 26 15 68 12 2 12 3 75 57 46 24 74 47 87 71 43 99 46 1 92 9 42 11 13 19 46 92 95 47 23 84 41 80 43 31
82 35 63 53 39 3 70 66 37 8 2 85 80 85 83 23 40 52 68 40 31 43 30 29 2 42 96 16 43 4 10 29 18 95 38 78 31 23 67 57 49 59 66 35 11 46 87 43 39 3
10 54 52 3 4 40 17 72 33 61 27 36 97 34 8 99 48 80 76 69 13 54 13 76 74 68 37 63 75 22 58 66 13 90 12 77 26 89 38 10 44 53 83 40 81 22 9 22 3 67
48 89 89 93 26 53 54 58 71 2 86 69 67 86 77 48 85 12 60 89 78 74 11 10 23 53 35 14 89 23 63 7 94 58 28 42 1 8 72 46 80 2 95 4 87 44 47 43 68 20
12 18 44 63 37 93 62 10 28 47 15 71 99 20 5 77 77 98 64 97 58 6 9 18 69 27 87 87 9 6 19 71 8 77 91 40 99 5 16 95 67 74 21 33 42 91 45 81 86 86
53 42 16 80 59 25 43 72 25 51 1 2 46 31 86 67 60 44 19 7 55 25 88 8 43 47 80 58 4 8 88 14 11 58 93 37 86 9 36 23 95 89 13 4 20 15 48 77 18 64
7 24 61 45 43 56 63 66 78 17 86 57 40 30 37 56 52 78 37 62 34 58 53 90 49 33 69 22 89 69 22 46 86 82 84 70 76 8 70 21 96 6 76 74 68 5 22 78 82 98
63 86 22 98 48 65 15 46 78 90 44 84 65 96 4 39 34 50 71 8 28 70 50 40 21 77 32 48 48 43 57 59 45 88 35 44 41 87 31 95 45 67 55 59 79 97 31 38 81 28
4 11 79 33 29 56 67 20 7 18 19 30 68 56 74 18 84 26 75 31 57 21 40 39 44 58 41 27 87 93 87 71 61 31 97 79 77 28 97 59 13 47 77 97 49 76 89 16 84 59
92 43 1 67 6 38 10 56 21 75 65 44 24 33 31 83 49 2 73 42 19 86 86 79 4 41 35 52 77 55 90 98 5 76 89 72 7 7 32 38 42 76 73 98 23 81 43 4 77 14
63 96 19 11 44 54 44 15 54 59 93 6 58 65 53 85 79 61 92 52 44 35 37 38 40 33 26 31 70 97 35 8 60 92 33 58 74 39 28 95 70 33 56 39 30 75 51 98 74 8
