37 93 74 22 97 66 92 69 13 10 63 54 97 19 50 34 39 73 53 62 15 55 91 47 17 15 56 97 37 32 29 68 50 27 74 92 37 50 67 97 86 5 29 9 22 96 14 41 93 49 47 76 19 21 37 54 63 98 61 93 60 55 60 27 86 28 18 16 32 84 40 27 38 32 30 9 94 48 38 87 11 54 50 65 41 51 58 52 10 34 25 20 47 91 14 21 97 14 31 80
32 85 92 62 80 89 54 9 53 55 24 7 44 7 70 68 92 99 5 32 45 11 41 92 67 82 26 74 83 91 99 28 87 72 11 93 47 92 38 85 23 84 78 6 16 38 48 5 98 93 63 9 24 22 87 89 43 51 4 58 18 43 29 73 89 3 65 16 80 93 6 45 65 53 26 82 69 42 88 43 60 7 84 68 25 45 87 13 36 33 94 3 52 12 3 81 98 79 88 18
0 52 43 16 24 94 39 17 94 60 48 55 83 69 81 13 38 85 35 14 11 35 49 20 47 72 64 1 75 47 39 29 23 98 44 18 22 80 13 55 80 95 31 31 6 76 74 57 99 5 4 80 52 67 21 4 23 98 83 18 33 0 4 80 2 82 90 71 78 78 6 38 9 98 34 11 37 7 59 19 96 72 4 0 92 50 88 25 44 95 56 65 65 81 25 19 87 55 51 87
57 84 22 6 10 50 47 52 82 26 78 6 1 83 53 91 7 82 67 12 84 55 15 18 97 47 95 49 54 63 40 9 16 81 86 67 39 3 40 70 14 88 69 19 90 14 72 59 13 78 95 12 0 42 65 38 60 65 3 11 98 80 27 36 16 91 63 1 26 58 23 48 14 97 87 76 62 10 74 47 98 49 75 17 47 43 99 92 42 3 0 81 38 86 22 24 8 63 56 55
17 28 6 30 29 98 34 5 52 32 74 20 30 22 30 77 74 93 88 14 75 2 77 77 9 63 83 4 18 62 65 88 36 65 63 57 14 55 62 5 71 62 65 52 22 89 80 29 27 38 24 0 73 68 17 29 45 11 24 99 36 59 50 81 29 78 8 82 84 24 68 7 18 41 48 53 57 70 76 14 97 65 82 45 29 70 4 85 84 87 45 23 91 59 4 81 26 6 31 82
1 90 69 86 99 43 73 42 39 17 82 23 86 94 36 12 84 22 59 22 40 43 55 29 19 55 78 88 29 32 59 59 73 89 33 29 91 20 16 34 66 11 46 23 48 84 24 19 8 4 82 89 46 68 8 63 83 28 26 78 96 67 60 94 91 30 13 62 44 78 10 45 15 39 47 0 41 21 8 58 39 94 64 36 1 1 99 20 45 81 66 9 44 38 75 3 15 60 90 70
40 65 95 86 12 46 8 0 64 19 2 19 26 30 24 86 86 2 97 94 63 9 44 40 22 95 17 6 29 63 82 18 87 98 43 94 85 97 97 60 36 73 75 97 88 92 30 53 78 89 13 77 88 26 70 70 67 27 51 20 76 36 22 54 88 56 11 62 51 77 67 55 27 46 98 47 59 33 28 9 20 98 72 8 24 84 66 49 28 6 14 40 96 70 12 13 48 70 67 41
52 46 50 93 79 77 70 72 18 64 8 54 8 72 12 40 40 55 78 61 67 66 69 37 34 30 16 70 23 55 25 0 77 15 8 57 22 72 12 78 42 12 49 83 0 54 70 86 53 14 49 22 32 74 39 7 50 13 65 17 85 5 71 9 68 58 68 32 44 58 98 36 58 74 99 85 60 65 86 92 81 79 45 24 61 39 52 56 98 89 52 74 45 43 73 76 84 92 66 41
1 41 36 36 18 44 95 85 51 63 31 97 39 60 7 93 15 82 13 2 83 66 65 8 23 78 72 8 51 27 75 95 76 98 98 47 16 68 75 68 19 11 23 12 35 35 84 29 63 33 44 31 73 95 66 44 26 37 4 87 54 69 88 80 25 71 12 86 1 23 93 81 77 99 98 89 88 15 24 97 14 50 88 50 93 63 96 76 35 64 12 62 38 44 11 78 6 71 76 53
35 66 1 55 9 73 5 40 94 23 46 14 43 75 42 81 26 60 68 96 75 28 48 80 28 61 15 34 24 55 63 79 64 93 37 97 65 17 79 87 98 57 34 29 24 54 64 4 76 17 12 38 17 24 86 45 26 42 17 24 20 68 38 73 15 48 82 81 32 59 29 80 87 87 29 15 18 70 5 49 3 90 21 10 91 65 29 58 76 86 95 97 88 57 4 4 4 30 91 74
41 58 46 71 9 42 43 27 46 1 53 79 63 87 90 19 70 61 17 86 42 35 34 39 73 71 53 68 50 45 86 19 14 45 16 25 11 58 85 61 24 55 66 9 53 69 65 43 52 51 25 96 23 70 83 26 17 59 75 70 35 76 18 68 36 0 74 70 40 44 31 96 83 21 66 21 38 62 8 94 34 28 12 46 93 44 51 4 87 34 95 32 47 60 97 77 34 96 83 12
8 3 15 3 45 38 12 50 92 17 6 21 42 70 69 54 84 44 49 85 33 39 63 35 78 83 56 32 39 60 45 5 51 19 90 41 77 7 40 6 70 58 63 3 16 85 8 68 19 62 95 1 17 9 75 44 47 33 6 38 47 7 88 76 55 43 12 78 37 30 39 40 51 27 74 84 37 28 7 65 81 2 71 94 45 91 66 97 78 22 85 68 95 0 68 29 51 49 82 35
89 5 47 2 42 1 3 51 82 7 41 5 5 4 54 20 86 6 26 98 23 82 62 18 27 23 83 60 46 85 11 23 8 57 81 72 59 41 6 17 65 90 44 57 85 22 92 62 37 12 50 86 26 65 93 36 80 98 88 60 69 85 58 12 50 96 55 0 5 98 11 31 14 62 42 78 40 28 50 75 57 52 77 79 6 59 34 54 51 68 90 70 44 83 59 69 94 14 22 25
8 66 7 79 20 96 83 65 21 87 51 33 73 9 10 89 86 92 10 32 70 84 79 57 99 9 34 28 41 15 10 67 70 69 55 52 29 32 37 64 21 7 6 78 54 89 81 54 80 53 99 51 40 94 90 53 31 76 21 5 70 20 32 68 75 72 63 35 3 24 0 92 23 17 16 19 65 43 11 53 98 14 85 82 19 67 31 16 53 54 28 55 95 59 34 84 33 12 28 26
73 3 15 31 10 89 92 32 98 16 19 63 30 81 7 30 40 33 76 42 30 79 92 35 64 93 75 92 15 33 84 30 4 26 91 65 70 74 59 50 3 22 6 73 99 67 55 42 15 83 78 15 12 65 25 9 12 55 6 9 82 5 36 95 22 19 57 72 89 75 79 33 29 46 18 53 57 40 67 10 68 83 23 53 14 10 24 10 12 63 3 71 91 5 1 47 71 37 78 43
11 21 2 8 7 56 31 28 93 79 76 9 49 3 84 30 47 61 98 46 10 70 39 78 4 56 30 24 30 55 21 54 15 60 77 28 64 9 17 91 74 84 63 45 65 97 64 42 83 2 82 74 55 32 63 84 63 16 28 10 9 25 89 8 75 35 40 91 23 65 7 50 85 10 39 62 28 26 36 23 23 62 67 62 49 8 99 31 9 32 42 53 52 67 84 75 17 95 87 53
71 79 94 94 9 24 15 0 96 24 58 46 30 48 25 51 70 13 48 56 81 78 3 76 80 74 71 43 71 46 18 9 71 90 28 85 39 82 96 30 16 97 45 69 29 57 98 30 68 18 67 92 36 50 33 93 62 36 90 22 44 75 52 40 54 22 21 84 18 73 99 25 17 43 94 10 56 39 30 80 64 46 78 99 58 89 78 0 30 24 71 56 58 59 63 72 76 87 32 3
17 46 85 67 67 93 3 60 60 91 37 66 32 88 74 59 90 16 65 70 62 13 73 86 23 40 5 53 27 11 85 38 73 95 96 52 52 57 1 13 83 77 47 7 26 2 90 91 23 89 42 47 4 90 45 15 37 9 64 64 52 27 37 31 44 99 51 36 95 11 1 20 46 42 71 80 96 52 23 29 47 28 79 26 12 87 27 96 64 35 30 10 14 88 70 58 68 47 90 3
23 46 72 32 40 52 54 37 69 47 62 47 91 70 98 16 13 97 13 10 82 82 3 77 74 19 0 24 77 46 35 59 3 37 36 22 60 18 58 99 89 56 24 8 33 13 27 51 96 4 87 65 92 46 64 61 91 37 9 27 42 25 19 77 60 4 61 19 12 69 97 31 81 95 88 54 97 63 64 23 67 89 70 4 88 26 53 85 50 74 89 41 77 18 40 34 83 22 77 32
90 5 47 30 50 4 59 38 5 17 29 29 56 85 80 75 11 56 0 96 20 73 17 86 78 31 66 38 61 82 25 55 63 11 24 6 20 58 89 85 16 46 1 83 32 8 5 66 89 13 21 40 11 95 68 58 58 4 42 66 91 75 47 2 65 44 15 90 57 75 97 4 76 46 18 65 10 93 70 87 49 49 25 58 60 15 9 78 95 37 36 66 60 75 82 45 25 62 12 70
44 84 72 93 52 72 56 75 45 28 0 81 10 69 6 29 54 78 38 73 89 5 44 94 16 24 48 13 6 36 25 44 84 35 10 1 91 53 73 58 41 15 85 32 4 82 32 26 23 62 77 43 95 90 54 76 41 16 4 24 96 15 28 3 1 12 74 35 29 26 54 79 44 73 58 74 8 67 68 73 47 87 74 1 36 53 29 89 6 79 34 11 84 99 87 88 40 89 3 26
91 31 32 2 35 77 56 49 34 2 6 27 30 48 63 74 53 33 22 8 33 49 45 17 35 41 85 68 95 82 50 66 40 69 33 85 17 90 80 50 97 50 82 34 20 96 50 54 59 91 59 16 38 38 23 24 21 34 80 88 63 65 94 7 97 60 66 38 56 79 40 18 42 89 40 39 17 44 64 24 54 31 91 61 79 46 66 2 30 28 94 72 48 97 2 41 65 91 77 64
59 19 1 49 82 92 48 47 48 52 8 19 88 62 44 63 36 54 55 24 19 4 12 61 71 35 8 80 89 71 48 44 28 64 28 89 86 0 70 55 2 32 96 19 72 46 42 46 38 8 22 85 46 46 24 92 68 0 89 89 50 59 80 97 16 9 14 19 54 56 0 8 99 45 1 16 52 17 83 27 71 17 36 32 25 87 13 73 71 85 34 69 21 19 84 78 92 51 92 42
37 95 49 39 1 16 19 43 49 63 80 96 89 8 5 98 78 60 25 32 68 88 42 98 2 85 27 69 83 17 71 63 23 47 19 15 19 52 69 4 71 54 32 79 63 14 61 24 94 81 87 84 61 96 26 62 76 80 25 28 55 25 44 16 73 7 77 88 8 53 1 88 13 77 60 95 90 44 8 20 2 56 26 14 16 32 77 40 29 89 68 26 40 62 59 19 88 58 57 74
64 11 84 83 33 59 27 21 63 32 7 59 22 72 86 36 2 48 36 97 30 63 29 57 15 4 98 8 99 82 15 50 70 39 55 4 5 23 15 29 4 39 31 8 41 63 24 79 61 82 48 1 33 88 31 50 47 63 95 83 33 18 24 47 44 54 62 85 36 27 81 53 98 62 27 93 44 48 18 62 9 86 24 56 46 68 98 24 46 74 31 13 1 97 71 72 9 80 83 62
63 73 47 94 46 50 13 60 76 34 13 77 22 16 10 39 12 68 96 79 49 40 49 62 3 30 54 0 19 25 67 40 15 6 28 28 66 81 71 34 95 2 57 25 61 72 56 26 87 47 63 6 36 68 74 67 22 20 92 76 16 60 18 24 91 27 75 62 69 88 78 97 47 39 43 76 28 79 85 46 38 11 4 89 98 65 21 19 12 86 84 90 8 24 87 82 45 1 5 87
47 94 86 96 86 49 45 68 71 62 60 98 25 84 91 21 86 76 19 14 96 98 2 60 58 99 34 83 49 17 35 75 13 41 35 45 3 96 54 87 41 38 22 95 5 73 14 80 84 87 52 28 36 91 17 19 88 25 14 69 60 49 97 32 25 35 79 56 48 60 38 9 46 77 67 70 53 53 19 75 50 67 99 6 25 65 84 20 51 66 65 70 72 84 48 85 57 26 5 47
43 98 43 51 35 2 79 57 37 49 81 75 40 49 50 35 71 51 20 55 85 62 18 79 53 84 81 52 12 26 84 17 80 69 26 18 29 39 37 57 50 5 98 91 95 37 1 0 75 71 92 36 70 14 74 39 78 95 60 70 69 46 74 43 11 39 33 60 94 30 44 3 74 31 38 95 87 20 54 48 35 99 76 84 29 34 14 5 67 50 66 77 72 33 13 61 32 84 9 93
79 83 78 24 99 57 56 29 94 85 17 6 86 21 12 90 25 59 20 3 95 81 79 31 66 58 98 41 63 38 87 24 90 46 63 43 63 41 18 16 88 82 57 93 12 17 90 4 5 33 90 68 14 20 12 89 92 7 38 36 0 41 98 6 29 67 87 59 72 44 45 58 48 71 69 0 13 73 90 95 46 52 75 58 75 26 35 53 26 39 17 41 94 83 90 61 61 28 94 53
24 75 62 12 18 79 32 20 60 31 17 23 67 88 74 34 91 30 70 49 91 46 19 91 87 90 48 0 23 94 96 27 77 52 64 76 37 23 76 72 40 89 99 76 33 65 28 69 56 48 31 18 73 93 43 28 10 39 32 62 56 57 17 8 61 50 49 55 52 68 82 85 87 36 63 53 34 45 73 13 14 71 96 64 91 48 38 28 53 60 50 0 3 66 1 47 76 96 43 24
77 18 31 44 87 41 0 10 97 67 11 32 87 34 36 52 79 74 17 46 30 43 99 81 63 20 20 30 15 58 96 87 86 62 8 70 23 7 0 95 54 94 61 17 45 19 67 53 15 94 43 97 58 18 29 61 93 83 10 19 39 67 81 4 30 38 59 89 53 66 61 35 18 54 83 28 39 95 85 75 91 91 69 50 75 37 87 79 9 98 85 62 49 70 54 80 56 58 85 13
4 0 50 10 40 52 90 68 65 87 71 80 82 1 76 0 36 30 6 22 96 93 50 6 91 86 41 37 80 5 65 60 27 42 46 98 97 98 17 32 19 81 67 73 81 2 6 56 91 84 13 22 35 23 96 78 59 82 97 49 39 47 46 80 63 12 56 5 53 97 2 1 63 84 56 79 37 72 34 0 63 17 16 41 21 93 67 11 28 72 15 38 80 79 43 79 51 64 63 73
70 92 48 79 42 94 89 58 71 13 2 69 47 32 27 45 91 20 44 60 68 68 58 6 12 9 70 90 87 19 86 2 74 5 62 62 87 25 41 80 58 67 78 62 6 87 72 9 90 17 70 77 29 83 28 37 46 79 25 42 51 32 47 68 37 69 99 24 32 2 24 65 45 69 22 52 86 75 79 51 92 8 85 48 71 82 83 87 56 27 73 44 65 99 14 34 2 78 7 39
0 0 22 71 48 70 11 3 20 40 0 43 92 72 57 47 5 80 55 57 80 47 52 38 19 8 47 61 59 13 49 19 18 16 99 76 35 51 70 75 94 37 48 14 97 51 23 2 2 88 56 69 60 67 6 37 1 63 18 39 2 20 29 40 53 33 68 26 49 83 56 51 61 41 27 93 32 96 3 10 90 23 82 44 17 33 46 61 81 54 43 51 95 10 15 53 50 22 5 80
6 86 89 26 58 13 8 64 59 8 82 78 72 40 49 91 10 37 56 40 5 56 48 54 1 2 29 90 44 15 63 8 85 42 68 99 50 99 98 19 75 18 18 69 81 54 61 79 16 21 56 2 2 11 51 20 26 5 63 99 47 57 96 6 22 68 40 15 0 18 51 39 97 58 31 65 34 44 88 24 14 71 36 92 11 62 45 37 27 44 86 99 72 83 46 34 18 1 62 46
96 8 80 73 78 81 52 14 56 36 6 28 42 76 82 26 76 41 25 84 21 73 44 47 61 0 60 75 20 15 35 39 82 86 76 56 74 12 46 22 54 48 17 40 7 49 56 95 4 33 46 92 85 39 54 69 90 64 62 85 8 11 21 99 70 43 53 8 71 65 49 7 96 87 83 19 63 1 36 73 20 47 97 93 34 54 72 28 36 11 64 59 9 74 54 31 24 33 88 56
67 38 4 73 4 85 80 5 77 94 87 50 51 1 6 14 32 9 72 63 22 21 57 53 52 24 28 83 79 90 56 13 47 32 94 79 47 75 89 86 63 31 94 94 81 11 13 66 74 35 20 73 7 78 55 96 64 42 54 34 82 51 1 88 74 31 3 81 47 47 35 47 0 26 19 98 84 2 69 63 53 12 31 7 94 98 80 45 28 51 42 22 73 38 72 0 93 10 81 27
85 28 18 3 83 2 82 33 23 73 8 17 69 10 64 78 72 65 72 77 4 15 96 80 33 68 50 2 69 72 43 23 91 42 30 90 70 60 88 57 97 39 55 59 85 51 6 16 99 78 20 24 87 93 24 54 78 2 80 34 45 45 30 73 67 22 64 28 30 53 6 19 98 46 52 64 91 2 18 69 57 71 71 41 10 50 24 27 7 32 26 31 51 67 14 50 2 17 26 19
34 63 51 91 43 40 68 86 75 93 11 93 43 2 64 33 78 9 0 19 99 62 77 86 73 94 14 29 96 67 96 81 77 66 9 8 82 62 43 47 74 22 48 26 80 76 43 45 85 62 84 19 99 37 79 88 9 90 28 5 85 81 1 98 5 8 5 11 28 5 44 81 20 23 16 7 77 74 83 61 24 62 80 80 93 79 28 48 5 34 17 83 95 59 22 97 4 22 36 24
91 34 9 33 37 89 36 8 24 72 75 99 67 59 77 52 74 79 39 31 32 11 4 56 16 32 69 71 39 87 28 85 92 52 57 24 81 88 86 4 22 78 47 63 10 65 69 93 42 28 43 44 95 37 96 54 14 48 74 13 99 40 83 83 89 13 97 94 54 76 82 5 1 84 20 28 53 20 26 49 35 50 15 1 93 18 52 55 43 37 94 71 34 29 68 8 58 35 38 73
76 82 1 60 75 59 10 55 76 63 3 77 2 78 18 39 87 92 96 44 6 76 28 94 87 59 16 38 30 49 84 64 60 67 39 84 4 62 93 19 88 44 32 37 10 66 57 92 53 77 46 63 67 80 6 50 72 9 31 64 99 82 3 12 92 69 58 30 75 54 15 62 14 67 58 68 49 65 15 29 51 52 33 84 16 40 29 72 66 77 52 55 98 62 32 43 99 61 32 27
28 99 76 37 19 99 61 13 83 51 16 35 83 62 13 47 51 99 9 42 72 66 2 31 19 54 66 88 13 39 88 50 41 31 58 63 13 48 57 5 35 71 24 76 72 69 69 50 29 68 51 94 52 86 28 94 85 61 24 56 32 77 68 58 24 27 1 47 17 34 10 99 86 7 78 31 81 70 65 61 6 59 19 61 52 7 17 74 8 38 49 56 74 66 47 32 99 80 20 70
31 84 70 60 77 53 58 55 51 49 65 94 57 67 75 17 10 8 27 12 82 43 72 8 34 13 22 35 10 36 49 69 64 83 11 2 53 28 13 34 33 62 2 28 56 33 35 94 50 44 11 28 65 7 11 39 72 88 69 31 39 71 70 35 9 52 89 45 47 87 27 98 14 72 36 59 43 92 80 7 73 50 21 3 40 97 55 6 94 11 92 7 65 16 55 42 74 18 65 24
14 91 73 20 76 49 12 12 17 18 91 17 20 31 61 98 19 76 41 82 24 35 86 3 66 94 70 57 3 76 3 44 43 97 46 55 35 64 59 14 77 95 59 41 21 95 58 97 17 16 48 7 91 95 82 44 65 37 73 21 41 74 55 86 91 78 19 11 1 21 29 6 1 97 82 17 47 73 13 55 65 13 9 19 72 96 93 33 47 54 16 31 14 24 4 81 61 60 46 21
45 62 62 3 59 54 42 32 73 45 34 6 91 12 60 72 40 35 50 5 13 11 63 37 4 6 68 49 79 79 48 7 63 16 80 95 30 93 58 3 19 50 53 40 58 14 54 54 57 41 90 59 30 38 22 4 2 29 17 77 84 66 85 25 43 43 96 11 79 22 90 65 56 13 65 90 68 20 43 43 51 69 53 62 24 35 88 82 88 35 42 25 96 75 54 74 72 23 50 49
19 24 68 15 20 19 60 10 10 58 78 73 19 24 87 89 54 9 64 1 70 46 56 0 98 62 46 32 25 30 53 77 39 64 46 37 26 53 54 69 33 74 44 93 84 64 85 43 67 23 97 35 7 78 97 85 67 10 85 95 88 80 42 9 36 32 61 99 88 49 96 9 18 67 82 2 75 23 27 4 27 15 98 47 28 47 85 68 32 26 79 53 98 23 17 5 31 57 99 1
8 28 63 73 45 3 61 79 43 9 1 76 82 71 29 82 2 18 96 47 85 0 65 34 66 82 69 96 17 41 3 43 76 64 95 18 12 68 49 7 54 88 93 9 80 20 47 51 23 89 72 71 63 52 93 47 77 90 68 97 91 21 54 75 73 32 50 25 29 35 38 57 16 85 43 73 19 58 98 59 65 0 6 75 33 51 70 4 7 58 16 88 36 91 15 97 26 78 13 36
50 36 83 52 77 25 15 3 40 95 16 98 73 21 35 47 52 62 43 92 51 98 91 58 68 99 55 63 2 71 79 78 19 7 76 22 28 78 76 99 6 65 4 16 31 81 72 89 17 91 25 35 32 26 8 27 18 84 5 64 44 48 46 52 48 67 51 11 89 66 29 44 73 62 73 78 73 97 86 69 45 75 46 94 48 27 35 86 39 12 69 63 30 93 93 40 9 87 28 52
88 71 63 0 99 57 1 63 69 7 90 39 5 97 15 98 58 81 39 76 62 91 21 94 12 43 96 93 71 71 67 55 96 33 53 85 71 41 2 83 74 58 11 34 38 15 29 13 67 61 56 93 5 77 47 93 14 4 87 58 0 50 62 4 74 94 92 71 96 59 73 1 54 98 61 25 97 14 88 75 25 54 32 12 92 98 6 33 1 55 65 34 3 57 57 33 41 94 70 52
46 47 43 74 6 80 33 7 36 9 94 83 13 82 76 70 41 60 63 77 44 87 90 37 4 98 18 20 21 72 74 58 37 20 62 12 59 9 21 31 7 97 65 59 25 75 73 94 2 14 35 16 9 35 38 52 66 26 40 39 31 67 38 45 93 62 46 80 87 67 9 6 94 16 22 17 23 93 74 73 20 95 33 65 54 40 34 74 60 79 70 4 50 77 53 85 98 37 50 92
98 9 5 75 1 62 42 5 8 41 37 90 57 36 89 7 11 94 60 21 80 53 98 71 75 99 65 75 14 63 64 30 29 6 30 8 12 97 28 95 92 1 23 19 93 39 3 72 43 64 19 83 75 3 1 34 49 86 67 8 96 59 58 77 96 53 90 27 29 19 34 72 59 25 43 88 53 46 65 79 37 77 82 79 90 93 72 12 72 69 32 21 58 11 85 69 55 24 37 58
48 70 62 41 22 49 23 83 95 26 46 64 4 68 85 71 35 56 30 3 18 30 35 0 0 16 53 35 82 9 17 57 1 54 52 64 81 76 86 88 12 83 24 99 20 45 13 74 77 95 13 27 57 41 46 41 28 96 25 14 2 17 41 45 73 8 37 26 1 66 13 42 91 3 57 18 24 84 29 59 8 97 5 74 65 9 32 33 95 64 53 23 84 57 75 80 42 85 35 69
12 17 91 2 29 11 2 8 93 94 31 21 29 5 13 73 29 80 71 78 78 27 63 65 39 8 91 65 38 11 66 24 98 85 57 42 17 34 15 42 78 38 10 96 34 12 91 68 58 37 8 84 45 47 21 3 1 62 27 7 50 44 21 43 81 15 96 46 6 83 90 1 25 78 5 10 44 14 6 17 16 85 42 76 16 1 80 74 72 16 76 19 68 58 60 92 74 74 32 1
83 18 91 34 93 89 99 56 2 93 2 86 9 0 36 46 45 18 92 8 42 65 29 21 74 65 34 90 63 75 37 3 12 91 32 2 81 70 29 14 15 90 63 42 24 4 41 38 6 72 5 95 13 13 76 80 10 10 28 54 16 3 13 48 11 9 47 66 25 7 31 12 46 45 81 65 75 55 49 9 48 52 49 19 16 80 38 14 97 76 86 25 25 62 73 11 90 89 54 45
84 8 94 92 27 70 75 10 9 46 80 89 2 64 43 92 65 70 56 57 90 48 14 1 20 35 33 92 75 65 46 78 54 63 26 1 24 11 46 76 11 83 88 23 0 98 47 83 64 22 88 90 43 16 28 85 98 33 83 75 76 63 28 78 78 20 87 0 42 7 58 81 58 13 11 5 29 15 85 76 22 53 61 3 58 96 56 37 53 23 3 41 17 28 12 19 96 38 73 43
7 32 33 56 6 2 14 74 85 53 39 43 49 29 5 95 6 22 42 79 4 59 75 23 43 88 71 11 54 13 40 54 44 60 31 43 89 79 20 63 16 91 85 17 72 15 31 96 23 55 4 99 87 39 23 5 60 73 2 79 62 8 54 29 32 1 94 30 85 68 99 33 56 87 4 30 94 86 0 0 24 23 4 76 10 70 51 40 62 86 29 94 35 5 81 28 90 5 1 72
95 58 28 98 12 1 54 63 72 36 13 54 59 49 45 32 72 61 76 92 98 97 80 97 87 66 50 17 47 56 38 2 15 9 74 83 87 89 46 54 63 42 70 72 97 6 50 85 14 93 66 2 51 67 30 43 68 26 40 15 28 0 36 37 62 90 67 11 99 34 42 40 53 55 67 13 39 41 65 19 68 67 13 9 15 60 59 55 32 5 69 69 45 90 53 30 0 47 84 1
82 97 89 65 78 26 35 37 60 17 79 81 33 53 67 53 75 13 35 74 60 75 72 40 7 19 39 67 50 97 95 75 76 50 74 86 83 28 99 50 60 83 49 60 95 1 13 31 24 27 19 84 77 43 47 72 59 67 94 93 83 25 83 0 46 12 38 60 55 31 50 56 76 12 18 74 79 27 55 53 22 59 56 43 62 67 44 35 4 11 28 61 73 39 63 98 64 26 64 74
51 79 87 31 84 54 3 2 62 53 57 45 22 41 16 46 86 59 59 81 24 73 42 27 13 95 84 54 66 57 21 69 2 46 93 87 85 84 31 6 56 33 96 24 60 73 54 13 3 59 25 30 35 1 4 83 10 65 82 1 43 90 22 39 41 1 32 49 17 59 87 1 96 28 54 65 87 59 78 97 51 90 21 54 85 68 67 60 52 41 58 64 8 47 47 24 89 98 39 88
74 33 94 48 60 10 73 81 15 2 81 77 99 63 78 94 16 59 84 15 98 2 23 90 29 25 48 93 1 77 92 93 13 26 6 89 83 92 93 95 9 28 48 35 94 85 17 14 74 20 78 16 7 44 43 28 80 78 56 17 9 38 60 59 53 25 14 17 66 47 63 85 22 75 12 51 48 65 96 17 46 84 3 10 34 31 62 90 47 22 1 73 10 84 61 69 45 11 50 5
0 7 79 2 99 66 80 14 98 93 54 66 88 20 76 93 59 47 92 78 31 45 4 64 94 65 95 37 57 32 1 99 91 23 0 35 17 38 20 72 48 93 37 61 23 74 63 48 70 43 22 22 62 55 89 96 61 32 41 53 2 15 56 96 28 3 83 43 17 59 49 90 79 35 8 9 12 47 47 89 41 41 28 20 4 85 79 97 39 88 89 21 20 96 23 0 56 51 13 57
78 51 70 97 20 45 82 43 29 96 54 30 73 34 26 83 45 29 29 0 32 35 38 15 66 18 62 76 14 11 74 62 76 65 73 9 90 59 38 59 35 30 49 85 93 6 58 36 50 39 33 35 86 89 44 19 30 75 84 86 53 87 95 95 87 14 97 96 24 15 93 94 93 33 58 85 29 43 57 49 19 91 46 27 58 49 18 0 60 91 20 86 18 21 65 70 49 46 28 9
38 48 97 5 28 24 64 10 73 76 87 35 61 67 11 35 96 49 92 90 1 79 53 91 5 9 59 8 62 53 11 74 83 17 90 29 74 77 69 16 46 78 8 81 55 59 85 39 62 19 86 53 52 81 94 50 91 34 34 43 30 14 13 59 22 1 46 47 51 51 26 55 15 21 74 27 66 23 55 26 35 30 85 9 82 29 19 22 9 12 8 16 9 28 49 8 16 49 46 92
18 15 48 56 49 19 17 12 74 19 33 57 87 7 73 47 15 64 82 2 76 72 43 2 98 98 97 73 79 43 99 95 13 70 71 27 38 9 80 40 37 95 11 33 79 73 49 48 57 97 94 82 63 87 26 85 96 49 5 28 1 95 93 60 54 83 56 21 94 24 88 53 11 78 62 13 84 25 86 9 13 45 17 79 77 65 43 57 34 38 26 48 1 86 19 71 23 99 53 81
54 25 99 11 28 96 49 93 42 76 30 89 73 73 71 1 21 25 51 72 33 87 33 41 81 52 24 41 35 60 22 1 62 73 73 20 21 78 67 56 96 57 46 5 9 63 52 62 50 71 4 93 34 15 74 59 73 93 78 20 52 52 60 23 52 36 50 11 6 10 97 86 43 65 95 24 27 88 48 71 96 53 65 49 34 3 42 79 33 47 33 57 28 24 64 97 58 52 80 28
50 82 67 22 57 7 30 17 88 61 14 3 52 11 35 97 35 59 88 54 60 77 48 41 10 29 44 58 14 39 19 19 62 71 51 80 9 85 84 80 59 86 89 62 6 13 47 46 42 56 36 44 1 63 57 26 9 80 38 56 77 64 4 68 91 57 48 16 28 78 66 33 77 73 3 75 12 63 41 56 52 74 5 2 79 72 64 2 70 67 29 41 80 54 4 83 28 77 50 57
6 17 20 92 30 85 22 4 96 95 93 46 60 3 50 60 30 34 24 26 61 34 3 92 56 61 69 31 36 87 15 77 60 42 55 12 36 52 19 96 97 20 44 17 66 88 22 37 66 31 86 90 11 96 55 42 16 21 19 64 15 10 97 79 63 20 2 11 51 43 47 87 68 10 80 18 97 45 91 14 96 69 33 60 93 38 89 36 60 30 53 46 65 29 56 64 97 31 98 51
97 44 66 70 94 52 62 62 0 58 14 74 60 78 49 29 99 36 11 27 59 36 15 24 50 79 5 3 60 35 92 19 50 24 43 16 87 86 49 79 20 9 60 79 29 38 84 98 34 88 8 43 13 19 41 74 63 1 65 14 5 49 18 99 27 24 56 56 52 68 73 96 2 46 49 37 18 68 71 15 7 36 23 3 33 70 47 26 36 76 36 78 9 22 9 86 91 39 94 98
0 51 32 12 30 41 4 75 80 26 30 5 63 60 54 22 70 65 60 28 81 32 81 55 83 88 18 35 8 56 31 35 90 78 39 61 29 90 51 58 12 69 7 75 71 0 59 3 85 67 83 25 25 62 98 81 76 32 2 61 33 73 48 65 55 50 90 31 81 2 94 71 3 2 17 92 18 48 88 58 33 40 69 1 0 60 24 75 56 83 4 3 47 35 43 15 47 42 40 36
16 67 51 4 36 83 34 17 10 49 9 73 93 63 3 34 24 56 93 53 86 37 99 66 56 24 26 36 81 88 17 55 37 76 95 35 60 18 53 34 52 72 44 36 86 39 70 50 3 97 19 6 1 57 39 12 90 63 26 18 70 14 31 82 14 34 89 76 67 93 72 96 20 8 58 23 59 33 98 72 70 80 54 10 22 36 85 94 72 27 31 1 36 71 96 75 0 11 13 36
58 77 66 54 64 19 17 87 1 86 0 68 17 88 53 81 70 10 89 7 83 83 47 7 92 45 78 53 45 16 60 88 45 75 31 49 52 1 95 82 90 78 55 49 72 23 29 26 98 66 51 27 7 66 9 37 46 66 44 69 51 51 42 85 16 88 31 73 15 34 60 6 78 62 73 94 91 30 62 0 86 20 3 45 90 24 92 40 61 23 2 1 61 90 99 2 66 30 51 3
10 69 23 2 54 80 68 52 0 63 98 79 66 40 12 49 13 56 53 39 77 39 0 84 20 77 23 98 9 21 89 2 12 51 94 67 26 35 84 89 62 27 23 93 30 48 30 60 79 55 62 24 60 3 32 36 8 70 27 10 39 0 11 75 67 76 87 12 6 97 10 28 49 24 14 71 46 43 95 5 3 74 34 77 14 46 11 96 57 5 19 24 94 80 33 54 18 17 36 15
36 99 8 21 90 51 76 26 28 38 57 31 75 96 33 18 86 7 47 66 79 84 21 0 53 13 34 78 99 8 89 38 86 30 64 87 94 50 68 10 96 98 67 16 44 9 71 99 16 64 18 34 23 66 57 12 95 17 73 6 55 41 20 96 32 64 60 12 50 57 49 89 28 85 82 82 90 83 49 13 61 45 40 88 51 73 8 16 76 90 18 76 0 85 57 3 99 28 80 31
45 72 27 67 60 7 15 49 69 62 46 35 76 43 47 81 27 59 69 42 52 86 12 39 42 26 96 14 45 82 79 66 54 5 2 80 62 26 1 56 48 9 17 77 44 60 29 11 2 61 12 1 84 88 59 70 79 37 26 9 82 58 67 87 1 64 81 43 86 5 58 60 77 70 7 15 89 90 30 66 79 79 1 98 55 24 5 84 80 89 29 40 12 34 51 92 74 72 86 70
13 27 92 84 91 33 63 36 75 99 70 4 24 71 18 63 0 88 32 92 97 63 78 21 65 10 57 49 36 27 85 36 33 83 4 99 88 29 98 83 96 39 2 78 69 96 12 59 69 14 84 3 47 99 85 20 83 73 4 84 44 84 38 80 72 89 36 31 16 57 96 16 77 33 8 38 37 5 92 65 80 10 11 64 88 19 28 11 97 63 28 33 81 32 82 26 8 50 73 82
72 43 30 62 35 79 83 34 96 58 21 39 3 51 9 43 68 11 9 2 34 24 51 29 78 48 17 68 20 69 24 13 83 75 79 43 82 70 39 19 0 45 86 79 42 61 22 43 61 20 87 35 59 20 91 48 30 18 73 53 37 46 49 12 85 51 13 74 18 68 67 43 76 47 85 80 15 13 88 33 65 97 22 75 90 51 18 96 81 57 14 48 0 50 34 15 46 5 49 88
66 67 55 72 55 65 62 20 14 22 59 12 73 11 82 45 4 42 38 37 27 47 93 86 26 88 53 76 11 31 90 97 77 42 17 82 17 60 87 61 75 32 44 28 47 10 17 86 52 46 44 95 63 11 61 7 34 11 37 70 53 23 14 80 67 7 53 75 62 22 10 52 90 57 11 41 1 88 96 83 33 25 32 16 65 6 43 63 61 8 22 8 39 20 99 22 52 54 75 97
16 8 62 78 38 52 61 26 93 97 99 33 41 16 28 15 17 70 23 38 30 10 65 49 52 58 45 53 22 23 70 60 61 67 74 98 51 41 18 99 87 7 2 90 70 89 43 63 67 75 95 54 71 67 76 94 66 63 17 13 19 36 59 91 92 38 85 86 63 94 72 97 32 48 3 21 26 73 30 11 89 75 68 61 99 84 35 91 96 43 48 6 42 15 89 63 14 55 93 96
51 9 94 35 1 28 50 16 31 69 59 63 34 59 54 8 3 72 39 18 43 43 1 87 35 66 33 88 16 60 53 83 51 19 97 57 27 46 5 45 72 1 33 99 84 52 45 97 40 59 45 47 89 74 11 42 5 91 57 35 92 37 22 50 45 78 25 15 90 98 34 27 59 15 29 54 58 18 34 78 33 23 45 21 71 50 6 11 36 10 1 2 31 15 78 38 78 64 55 91
38 92 22 73 67 28 14 89 0 57 12 28 7 2 81 51 35 65 50 37 20 51 24 2 51 7 25 2 11 16 44 37 66 32 98 7 59 42 75 96 2 87 74 1 74 41 72 84 50 43 55 5 57 47 94 99 8 49 27 9 60 1 58 28 67 28 81 45 69 70 66 58 34 77 42 47 80 58 9 32 13 23 8 71 52 84 15 0 49 9 60 6 80 65 8 28 49 79 56 21
65 26 51 13 44 84 0 7 31 17 32 90 11 24 48 15 91 38 81 10 71 78 70 45 56 53 50 62 7 27 98 73 14 34 99 3 32 47 80 94 45 13 76 54 74 86 44 99 14 73 3 19 89 65 88 17 60 31 84 89 66 78 22 40 56 32 59 20 77 64 25 79 56 30 37 87 68 42 90 7 11 18 54 41 36 89 92 15 62 7 25 5 34 68 79 33 40 44 97 93
70 54 54 59 32 43 69 40 99 72 13 75 49 28 54 83 71 1 67 23 88 22 50 78 2 99 47 37 47 33 99 80 52 31 83 31 41 22 87 68 66 63 82 76 14 38 6 65 82 45 16 26 49 16 43 40 20 93 31 83 81 3 80 98 18 83 90 2 45 76 0 91 68 22 9 20 9 20 41 60 77 59 52 94 97 11 86 84 17 99 31 80 84 98 24 92 10 52 85 8
20 5 51 37 19 88 71 45 17 20 25 83 57 30 76 90 91 28 87 9 76 49 85 80 94 65 41 87 95 80 15 10 8 31 3 0 98 75 29 45 7 35 93 79 28 45 84 90 29 39 49 85 3 88 6 54 64 7 21 72 7 5 43 65 13 32 83 36 93 39 54 68 10 76 46 39 45 12 24 28 51 10 45 5 55 40 50 7 74 59 34 45 80 86 99 4 11 96 97 52
33 11 35 73 5 59 76 50 52 24 74 5 79 23 81 89 67 32 49 26 98 14 74 77 84 44 61 64 84 96 27 16 87 61 4 14 52 73 86 80 5 32 67 49 3 20 75 77 69 67 17 10 21 86 71 74 77 66 2 39 83 19 42 79 20 48 17 64 31 41 98 16 75 60 45 52 57 47 71 61 65 43 48 27 97 31 18 9 52 55 90 62 63 8 48 17 55 32 27 36
10 64 24 87 61 85 11 16 49 62 99 21 89 18 19 27 55 51 76 1 38 25 54 64 8 54 86 80 65 31 4 66 52 22 12 29 3 70 87 35 34 71 17 19 89 25 51 17 73 92 76 94 0 61 57 36 91 43 72 58 75 65 28 51 64 7 31 68 97 68 49 58 39 64 70 34 37 16 46 92 41 91 7 97 8 95 5 78 55 49 87 39 54 36 46 3 39 60 15 40
24 23 19 20 77 26 37 3 65 32 1 28 85 54 47 55 62 99 78 48 59 84 73 26 3 42 36 86 91 19 88 87 75 22 66 91 23 48 73 70 92 82 85 25 30 46 80 1 5 98 46 43 89 98 47 81 7 10 65 37 92 71 79 92 67 60 8 75 73 63 32 75 60 69 99 23 31 74 0 43 43 32 33 78 41 64 19 85 26 12 29 0 24 72 66 39 93 15 32 98
62 62 74 16 10 59 62 49 29 67 48 63 34 16 54 42 98 99 2 68 3 69 66 68 49 30 18 10 91 8 4 16 45 31 66 0 10 94 86 49 88 77 36 73 88 70 93 48 33 26 76 33 44 17 54 29 78 14 70 6 23 97 41 63 29 20 52 17 82 62 38 47 16 27 83 69 78 29 52 52 86 14 81 64 12 58 41 73 6 78 24 13 47 47 90 90 16 15 69 1
57 26 63 10 30 91 39 71 56 30 11 21 75 45 57 8 20 11 1 82 27 17 21 27 89 94 13 35 62 75 52 50 50 54 24 0 21 89 25 48 22 22 47 58 25 63 98 92 59 57 33 50 3 46 78 2 66 51 82 70 75 30 60 81 33 86 74 21 35 67 35 12 64 37 81 75 40 46 76 39 90 70 88 98 81 22 15 60 42 85 25 98 2 62 78 69 74 16 8 35
99 15 64 25 49 8 31 80 21 91 68 8 96 88 9 19 80 32 63 13 12 91 52 63 61 67 14 66 92 5 43 4 1 90 53 28 48 56 74 24 21 74 8 82 56 7 77 36 98 81 36 42 10 11 24 21 34 95 31 45 77 42 67 54 99 73 66 57 78 11 34 32 7 17 43 15 64 68 4 40 61 47 95 49 0 56 14 0 71 63 17 35 46 13 97 41 6 74 27 34
44 22 5 48 19 21 21 73 10 66 32 24 82 56 12 21 6 93 51 52 83 14 74 69 27 61 30 80 69 45 3 31 51 66 4 41 62 1 41 14 24 54 88 31 25 34 69 45 6 45 46 36 53 55 92 33 8 88 43 11 91 13 56 93 84 76 84 47 15 20 12 11 62 11 98 60 20 44 54 40 6 10 76 0 98 38 24 29 26 83 18 82 96 76 30 62 15 23 6 39
37 37 16 56 71 18 40 60 50 96 97 72 42 88 45 43 16 99 3 13 36 12 37 38 45 11 79 65 33 83 76 83 88 32 60 62 31 95 4 82 6 48 95 78 2 87 14 38 30 89 3 23 56 94 12 90 22 49 31 44 10 79 95 12 67 50 50 82 80 75 15 39 10 19 98 78 21 38 75 45 72 28 0 51 91 43 49 69 22 17 19 29 56 64 14 57 16 7 51 43
49 15 75 87 29 6 63 15 98 51 63 68 42 50 36 37 8 64 39 88 88 52 16 92 93 46 0 43 35 79 90 67 85 46 9 53 4 74 73 15 14 21 90 56 48 0 60 17 5 84 91 0 15 30 94 3 99 81 44 91 62 34 27 88 86 38 38 31 27 36 28 67 16 78 73 42 25 68 98 4 3 35 75 25 79 52 56 95 57 82 40 73 91 97 36 85 23 41 65 22
12 92 0 60 88 16 75 61 48 97 32 95 65 21 29 98 76 54 4 62 30 22 11 59 38 32 42 7 99 91 94 14 35 34 38 41 62 48 35 51 76 15 34 10 87 18 81 89 20 64 13 45 43 41 27 32 53 33 49 4 75 15 42 73 45 23 68 90 95 76 10 55 88 81 2 11 97 69 29 14 67 81 47 86 9 17 13 73 89 51 77 81 20 8 49 22 79 3 9 80
38 10 83 17 40 85 27 64 82 15 28 47 60 12 24 40 68 62 67 52 81 94 61 69 93 93 3 1 84 34 33 94 27 53 71 38 32 22 24 65 34 41 33 5 71 14 13 30 25 54 87 49 29 34 70 71 4 91 19 1 20 15 5 36 58 97 73 79 84 25 44 62 11 83 6 83 48 92 30 70 51 90 41 58 99 92 28 18 86 11 84 35 23 54 66 66 49 38 57 15
89 47 2 84 41 45 18 72 40 58 89 29 13 88 54 13 43 27 46 86 88 16 29 0 52 86 30 96 23 34 3 45 27 17 34 71 58 47 95 59 40 88 83 12 77 11 50 78 44 14 48 21 12 24 44 29 46 85 17 8 99 81 4 78 78 12 49 67 26 51 80 53 78 83 34 5 2 67 18 34 64 62 0 53 44 45 71 68 68 85 21 30 67 59 94 8 56 35 7 33
10 65 15 46 42 93 39 1 9 92 58 95 47 86 54 9 9 68 4 86 25 83 68 87 70 13 3 2 54 82 37 43 21 52 43 72 96 77 23 93 23 36 95 64 89 6 98 74 38 63 53 19 9 12 77 34 1 28 95 19 78 43 23 77 27 33 42 52 79 68 17 29 97 33 23 16 20 55 79 65 28 14 34 35 56 27 56 85 83 75 21 8 55 72 4 77 7 41 5 30
60 75 0 5 82 83 69 46 36 61 6 22 19 67 21 43 33 5 62 97 64 54 30 6 94 30 67 12 23 89 5 44 67 6 31 99 46 34 98 22 18 2 15 58 85 70 8 86 48 10 30 88 78 57 41 70 19 71 76 48 5 48 85 83 8 83 89 98 14 24 17 91 63 51 68 31 53 70 9 26 61 0 34 60 65 72 33 43 26 95 79 9 72 29 78 60 95 11 34 68
80 36 90 51 29 40 55 44 32 18 88 82 6 21 91 31 55 94 60 91 34 38 64 3 17 61 42 60 8 32 65 91 46 59 82 67 54 2 38 85 72 83 33 95 7 53 46 45 54 43 49 62 19 62 7 67 56 51 13 85 87 4 18 78 48 88 76 76 54 31 32 49 84 60 84 55 19 98 26 40 53 97 11 61 56 48 70 20 57 84 76 76 72 16 7 92 62 87 11 9
48 42 61 89 31 20 1 72 29 30 96 75 27 40 26 78 95 88 68 14 75 11 46 75 2 71 1 93 54 32 4 48 75 2 81 61 16 46 95 66 4 9 77 48 25 67 77 9 60 29 2 44 57 33 52 69 42 71 37 74 44 27 19 32 96 1 41 29 26 73 82 64 93 40 45 96 90 52 81 63 80 22 24 7 89 7 14 40 64 82 66 26 23 86 19 56 58 39 37 91
45 61 3 34 2 60 28 90 9 20 44 40 25 27 22 69 56 24 53 97 77 91 92 63 38 99 47 14 78 15 95 91 90 45 17 48 95 42 5 12 36 58 74 78 15 79 88 46 18 48 29 21 68 28 27 11 4 52 89 25 80 80 90 48 8 88 24 17 97 88 83 85 69 9 45 4 60 60 95 78 69 62 77 69 36 62 30 78 5 29 26 95 58 18 67 76 83 79 17 58
-
46 65 42 98 20 93 2 15 27 49 11 1 98 99 15 92 63 18 72 16 65 35 71 25 30 1 89 99 79 92 5 76 36 62 26 5 50 11 11 92 84 98 77 60 65 53 89 86 31 78 67 67 19 61 6 50 91 36 7 48 36 46 44 69 0 16 95 34 73 28 87 92 94 20 19 48 82 13 66 10 83 89 10 56 8 15 91 97 18 37 63 69 36 13 59 15 73 59 96 71
46 76 50 81 32 33 47 13 94 68 46 38 19 75 14 29 85 57 94 5 1 18 27 26 65 85 22 73 62 14 95 74 12 33 3 24 79 92 30 60 58 43 80 85 34 25 65 4 41 62 96 89 55 54 67 57 4 2 10 10 45 29 1 96 40 47 44 50 53 53 13 57 28 19 97 51 12 26 33 19 45 30 45 81 42 24 70 18 58 49 66 92 74 65 62 7 48 80 10 41
58 88 42 91 20 65 17 56 32 36 37 4 34 78 18 81 81 6 97 42 95 82 87 99 60 60 81 13 78 7 58 67 36 76 28 69 26 85 39 81 45 1 95 3 72 33 59 88 37 51 78 27 60 47 11 0 41 72 10 91 5 46 1 73 82 73 63 11 52 7 10 4 1 60 97 66 47 40 39 44 44 0 36 15 29 85 61 64 1 41 3 13 21 18 76 53 61 43 95 46
23 62 50 37 23 36 19 17 13 87 19 56 50 27 66 26 97 69 7 91 73 81 77 64 82 62 28 84 14 38 78 87 59 43 54 41 86 88 15 71 99 60 86 46 43 16 28 72 73 37 53 92 87 86 9 36 10 50 15 20 98 60 95 28 32 8 57 78 44 78 20 93 0 58 11 26 29 0 71 26 4 47 75 56 92 62 44 44 69 55 26 54 4 50 50 2 35 3 7 74
32 56 36 24 34 2 70 19 15 64 57 38 68 93 18 1 29 29 44 55 72 7 92 25 38 69 74 96 51 50 52 10 58 83 89 92 45 35 61 73 1 65 43 85 40 71 33 56 37 79 23 69 14 27 57 87 66 31 4 58 56 34 34 53 62 66 29 9 13 70 48 23 2 82 71 58 9 74 50 90 1 99 67 25 57 19 72 88 67 28 72 1 85 56 73 14 1 24 42 71
19 56 79 0 78 87 25 69 8 13 23 50 89 37 33 54 51 26 59 73 8 12 87 58 63 19 88 12 18 96 58 51 33 95 45 22 63 6 63 74 28 88 88 25 79 48 92 84 49 17 64 98 41 71 92 18 61 95 29 48 76 17 82 6 96 61 91 0 94 90 61 44 67 83 36 4 91 8 5 55 28 34 8 85 95 10 4 27 29 56 43 12 29 9 3 94 17 71 57 27
3 40 7 78 27 74 97 98 67 87 1 38 6 62 73 28 68 72 74 41 69 84 99 86 96 3 95 42 25 27 31 72 55 55 87 82 77 3 86 63 85 5 59 10 34 47 7 14 31 75 78 88 42 7 47 74 30 13 78 58 32 82 69 69 46 84 17 35 28 97 17 40 40 20 15 1 39 82 47 66 68 56 3 12 9 56 22 60 86 32 26 82 61 39 16 66 49 6 58 29
90 9 16 49 38 14 35 49 21 19 82 73 81 69 93 48 81 48 96 15 71 42 86 92 4 90 52 27 60 74 91 86 19 86 11 20 4 88 74 10 9 75 75 50 93 14 47 81 39 90 27 15 68 89 60 97 85 49 71 19 1 80 70 39 36 80 54 11 43 36 48 31 27 89 16 56 80 59 89 20 38 24 57 50 39 0 74 77 57 51 35 89 37 68 94 96 0 85 60 34
56 24 60 48 34 2 42 47 28 5 16 37 52 95 90 36 5 61 90 61 82 39 10 9 23 44 72 58 95 56 47 47 73 72 37 75 63 25 76 14 72 14 45 79 83 29 33 94 15 63 34 37 97 81 0 96 81 93 99 2 22 47 40 53 88 67 26 49 93 27 79 6 88 8 65 45 50 4 54 61 4 10 61 29 18 63 60 74 41 75 10 56 72 98 36 56 26 86 47 85
99 38 18 67 97 36 29 76 20 98 23 84 61 24 79 0 58 46 43 18 70 91 91 29 98 86 28 83 13 94 17 54 47 6 28 56 75 33 32 81 70 18 21 59 42 32 74 12 65 36 90 82 21 42 12 17 38 8 78 47 59 56 12 3 12 93 97 76 3 98 3 73 61 45 50 88 71 24 82 50 10 8 61 73 56 23 86 14 58 35 22 13 10 74 47 5 52 40 41 40
75 52 22 23 9 76 71 22 18 36 34 93 66 20 55 57 79 36 61 65 63 36 12 15 61 46 11 2 9 92 50 44 9 3 49 93 6 76 68 35 52 45 25 27 40 67 32 5 36 94 82 68 45 74 17 15 96 90 70 48 42 20 82 57 82 54 5 23 75 33 62 17 57 35 74 92 16 19 72 62 62 19 99 99 31 95 41 94 20 45 27 37 55 63 29 96 83 26 32 60
65 84 28 42 85 49 44 7 13 68 94 94 3 86 46 93 6 75 27 82 5 75 94 23 3 11 95 20 13 8 31 87 91 11 97 44 8 89 18 70 18 74 85 0 8 83 20 35 62 92 2 38 0 52 93 85 13 52 17 35 75 16 76 73 73 97 48 43 50 39 51 44 94 73 11 43 8 77 1 57 33 51 97 83 62 20 99 28 51 69 73 98 17 56 58 6 45 94 24 12
90 69 66 22 43 44 70 79 93 94 69 28 23 3 57 78 58 39 84 40 16 62 95 12 24 78 45 13 76 15 86 20 29 28 45 50 9 18 95 42 95 38 1 3 96 60 43 67 85 41 49 82 46 0 53 92 43 18 59 54 39 64 66 63 68 62 32 70 63 41 14 40 52 73 15 89 34 84 48 13 31 30 95 70 75 51 17 1 18 93 16 22 34 0 65 70 23 92 51 6
78 52 19 1 75 43 42 99 8 72 3 88 49 75 47 34 32 49 39 57 78 31 40 55 91 11 79 14 75 75 34 27 35 96 37 68 85 99 67 44 97 94 20 94 13 27 85 77 80 99 49 15 79 82 19 61 94 49 73 33 50 91 29 38 73 12 72 67 66 3 71 26 36 17 9 33 81 38 86 32 38 31 47 26 81 65 69 96 86 26 95 90 55 32 24 28 3 41 64 17
36 83 17 41 91 38 56 48 78 40 78 60 75 97 95 92 4 79 0 19 27 99 83 72 15 46 99 27 8 73 48 25 15 19 17 56 91 16 81 80 14 31 92 68 7 24 74 36 93 65 1 45 94 8 79 56 30 87 58 64 56 30 12 24 97 99 94 90 76 47 67 71 94 46 30 47 36 82 69 96 14 79 5 3 80 71 4 25 93 76 0 10 96 87 96 56 92 78 45 35
29 25 96 94 17 9 76 11 52 5 58 19 65 27 25 71 66 58 60 61 33 8 77 9 70 6 51 96 99 56 20 76 32 17 64 11 36 42 13 49 28 49 86 72 3 91 27 15 80 97 97 62 35 82 42 82 17 4 57 72 58 64 10 93 36 97 98 94 66 26 0 22 12 96 47 81 90 69 73 11 85 2 22 86 30 57 83 11 47 71 43 66 48 49 90 24 4 49 17 19
29 41 85 91 98 52 81 32 53 8 80 59 32 68 39 45 43 30 3 29 27 87 96 27 47 31 29 83 3 82 98 1 27 40 87 88 56 53 37 44 15 70 98 52 73 28 46 83 64 37 12 63 40 80 45 93 30 5 16 68 19 52 89 19 14 99 7 3 35 56 79 28 51 13 2 85 15 66 0 90 96 14 50 0 58 62 90 60 88 31 52 1 65 84 21 90 87 45 67 33
65 36 70 66 25 58 4 91 31 88 15 86 79 85 3 55 44 60 73 69 40 47 53 85 92 70 49 96 87 67 74 65 77 36 74 5 29 95 6 41 88 97 54 23 17 70 56 78 99 79 24 29 81 48 48 99 92 39 88 70 18 84 13 16 50 94 42 44 79 22 71 27 28 7 9 51 45 89 39 81 87 38 19 78 64 74 59 79 44 32 48 49 47 53 47 39 85 55 19 82
43 69 97 85 33 56 38 12 19 6 76 8 99 58 19 84 39 73 48 44 1 82 24 99 86 74 31 90 60 49 16 28 81 84 90 89 61 73 56 20 91 49 26 3 19 25 37 89 10 99 8 74 91 75 25 46 57 72 19 19 36 1 43 60 4 20 73 36 12 18 77 48 46 81 42 65 31 15 9 47 12 8 22 63 26 65 14 86 5 5 31 86 98 18 59 86 35 60 46 8
53 48 62 72 53 45 47 72 61 34 4 92 45 53 0 24 20 71 16 30 37 8 97 27 74 24 5 1 49 33 35 32 44 6 68 36 75 68 93 9 8 14 75 85 95 90 92 6 30 89 89 50 34 13 87 61 78 19 43 39 99 27 54 47 34 8 31 42 83 40 56 83 57 89 95 99 59 33 19 77 96 77 39 1 49 30 14 71 56 91 18 35 82 41 61 31 4 79 82 78
29 44 58 16 94 89 28 88 92 61 65 75 4 65 18 30 51 60 0 83 45 41 93 2 36 11 10 75 31 4 68 85 73 48 65 68 15 31 30 38 46 69 38 6 23 15 46 37 21 72 67 82 73 10 95 56 77 49 97 48 7 23 39 86 44 7 36 85 65 12 58 96 74 14 9 41 13 20 86 80 65 56 72 93 11 29 43 47 65 55 80 28 42 90 59 51 48 46 51 13
78 26 41 18 73 95 87 3 46 77 50 93 54 17 51 43 92 89 0 24 19 71 28 61 66 45 1 97 92 74 23 21 26 69 94 43 35 90 94 49 54 57 84 85 88 16 3 15 39 12 86 1 60 3 56 41 71 23 46 22 81 29 78 57 45 1 60 71 44 21 3 34 30 60 55 71 11 44 1 32 91 3 51 0 28 75 61 36 0 20 25 61 78 70 25 69 31 41 65 14
75 98 42 14 93 22 24 10 21 52 38 72 17 94 1 46 21 60 7 14 49 32 54 3 43 55 52 33 28 89 66 16 13 52 95 34 21 40 19 52 11 37 56 20 88 62 18 28 45 48 97 99 86 83 8 95 27 60 91 39 41 90 25 23 21 31 59 85 46 75 34 39 37 45 3 41 61 46 76 30 82 96 5 58 5 6 7 41 40 97 99 75 89 18 0 93 41 84 17 3
53 43 75 40 20 41 70 18 23 27 85 94 47 12 27 32 45 34 22 79 72 68 8 70 13 39 24 48 89 98 64 18 85 5 77 41 76 24 37 54 67 27 5 25 98 93 60 91 72 29 97 25 22 49 44 58 44 66 35 51 53 77 57 48 38 21 29 14 69 46 23 59 41 85 23 17 19 7 85 3 29 22 24 61 87 91 41 26 1 51 39 71 95 97 52 94 66 79 43 85
14 2 82 64 84 28 39 14 25 21 6 45 27 46 36 43 58 37 17 17 34 67 86 73 79 80 98 10 85 2 51 73 58 43 32 95 9 28 90 71 24 11 9 22 61 47 82 95 55 75 45 23 51 44 18 97 74 91 51 65 29 87 33 21 29 94 27 85 22 83 58 79 80 29 19 26 72 70 54 51 38 60 89 71 30 96 14 99 31 68 32 27 66 60 85 63 63 38 7 21
65 5 96 81 57 26 20 80 41 37 61 27 56 19 84 30 44 99 8 14 84 92 60 40 67 15 86 93 84 32 77 54 30 86 42 45 84 23 88 67 89 15 44 73 73 81 13 55 95 85 33 94 68 54 65 95 52 39 65 97 87 31 62 35 85 93 53 80 60 41 19 15 95 65 81 2 9 32 75 71 59 62 17 61 12 20 93 14 67 55 81 26 90 55 0 6 36 42 78 68
25 8 90 33 79 1 74 73 52 95 83 23 68 27 34 77 47 6 51 74 46 69 25 72 52 73 15 94 40 9 87 2 42 40 57 6 98 96 78 36 56 29 20 71 31 99 99 9 65 37 59 6 27 87 89 81 29 37 46 88 64 70 51 61 37 66 91 73 83 45 67 61 64 22 59 34 52 57 0 95 40 77 15 30 38 87 43 24 63 92 0 58 41 50 2 56 19 55 88 41
25 18 70 45 67 53 75 53 95 22 87 77 25 31 40 18 17 35 96 48 87 75 97 15 70 15 55 58 81 77 52 2 65 30 5 19 50 34 82 56 86 62 75 72 87 77 9 36 3 61 67 9 2 45 6 35 8 6 0 69 5 49 40 19 10 85 98 33 75 2 37 10 0 16 70 88 83 72 37 39 48 80 35 51 26 51 43 93 45 30 33 93 97 91 53 46 13 1 68 70
38 89 71 99 51 33 30 16 84 56 20 97 58 58 22 81 30 30 61 55 89 29 11 97 62 61 60 31 51 47 21 68 13 87 9 47 62 96 69 75 33 47 93 63 92 47 19 29 48 5 33 92 82 2 85 8 22 69 63 36 61 41 29 64 71 13 57 99 13 94 64 21 66 8 64 81 9 62 84 32 45 60 51 51 16 3 25 59 1 33 86 45 83 62 70 57 32 24 63 7
4 99 19 30 37 1 73 62 23 53 36 22 14 75 13 2 39 89 79 52 60 56 41 40 99 64 30 88 87 24 63 25 63 60 23 96 27 63 96 97 24 33 17 70 79 79 37 83 25 91 75 70 49 77 32 63 53 67 92 80 65 46 25 30 70 30 26 22 60 15 12 4 62 32 11 91 44 25 1 42 46 1 21 51 74 27 34 64 90 91 23 88 6 61 8 40 81 59 38 84
11 16 26 83 64 63 60 72 54 89 7 31 70 40 35 20 10 2 45 70 49 56 45 36 1 39 24 61 45 15 71 37 85 96 29 54 2 64 80 13 48 60 90 47 97 81 13 92 31 83 36 4 56 30 82 75 10 17 33 95 46 86 35 51 49 11 81 32 98 84 1 26 40 28 88 70 50 51 60 90 8 15 33 72 47 29 21 41 95 71 8 0 97 64 20 20 92 8 99 42
27 99 95 79 93 62 81 95 73 44 62 6 19 46 37 8 80 96 49 62 52 85 42 12 15 14 6 35 32 16 8 89 3 99 46 86 95 0 72 72 95 73 4 91 33 42 28 7 23 9 53 92 54 66 54 88 78 6 8 86 32 57 90 75 81 59 4 24 15 40 20 86 82 87 87 21 41 10 24 44 64 61 9 82 37 8 81 85 9 9 69 61 48 55 66 40 63 20 92 98
28 43 49 75 85 20 25 32 40 32 81 63 3 61 98 65 72 73 86 92 56 83 35 68 96 58 14 13 4 93 24 31 58 95 90 3 76 31 84 17 15 14 19 59 77 34 75 98 37 25 44 24 78 45 70 30 45 42 86 61 56 20 38 69 64 61 42 11 55 88 67 29 73 43 74 90 71 47 99 61 37 85 10 9 65 69 67 41 90 73 85 14 95 68 83 0 38 74 32 20
24 97 9 79 89 38 65 22 4 13 68 55 52 78 42 79 97 1 67 92 49 87 27 1 28 33 20 46 57 7 95 20 90 81 78 19 2 40 92 46 47 5 49 17 42 70 46 66 98 61 17 15 55 50 10 0 43 60 20 14 57 99 37 42 72 8 30 80 75 70 72 81 24 50 81 17 19 44 65 46 28 44 62 11 9 27 11 44 30 58 92 80 11 30 8 56 68 80 69 48
74 44 28 94 43 1 5 11 62 11 20 7 85 64 34 38 72 95 19 66 33 59 12 60 60 29 47 60 0 1 45 56 24 64 5 57 2 24 63 10 76 77 80 71 45 1 59 37 21 80 21 60 96 54 51 83 77 29 13 82 87 6 2 58 55 78 67 33 57 28 44 64 27 63 43 13 35 75 8 86 37 32 94 46 20 70 82 37 48 58 94 27 80 14 39 48 52 63 41 23
44 2 53 53 96 55 31 9 23 50 95 4 0 15 81 96 15 8 7 50 42 68 58 97 89 41 54 16 25 5 37 71 36 36 44 35 97 14 9 19 48 18 55 2 48 92 2 15 27 69 81 12 11 31 8 64 60 19 14 84 18 91 45 42 53 38 71 91 79 27 66 6 79 2 58 90 78 13 38 51 37 44 48 94 93 21 30 10 3 97 33 18 46 63 46 31 90 89 81 73
32 80 74 26 53 64 96 54 16 90 65 42 29 88 6 51 28 79 30 23 29 22 35 26 76 87 29 31 34 44 38 0 79 36 34 9 95 22 40 7 47 40 68 18 39 26 45 68 98 97 66 60 74 73 11 24 13 70 27 30 27 27 75 10 19 63 81 16 87 87 50 15 14 55 54 46 16 6 1 84 2 78 14 88 80 48 2 70 36 39 67 39 58 56 99 88 0 53 96 25
93 66 98 46 72 24 88 11 12 84 49 22 75 37 99 7 71 86 64 24 7 78 66 81 56 54 54 82 36 74 89 77 9 14 97 80 12 65 30 32 69 54 59 21 30 91 39 59 49 3 48 25 43 69 63 76 81 41 28 57 10 24 39 67 16 55 76 3 80 55 96 99 63 40 79 81 88 86 89 70 96 48 35 44 27 70 38 96 14 49 69 55 82 29 38 29 21 71 72 65
65 69 83 99 3 63 38 73 50 39 99 69 28 76 7 45 48 40 37 89 15 64 69 40 46 72 92 76 21 87 55 55 69 21 14 1 36 81 1 52 31 96 23 99 67 41 63 90 82 72 23 35 64 62 76 72 9 74 24 93 10 2 4 31 35 44 71 79 55 93 11 55 94 32 2 99 67 5 82 98 71 97 46 63 77 40 68 42 40 77 48 0 58 18 2 38 1 80 98 76
69 46 60 47 43 73 48 23 91 98 97 62 48 93 0 96 51 1 47 16 1 81 54 11 4 0 11 19 61 95 71 23 82 67 89 50 85 57 5 55 30 66 94 44 80 57 13 59 86 32 83 14 95 9 75 28 5 90 37 14 69 26 96 51 91 38 10 12 74 66 67 84 36 93 5 41 38 36 6 85 47 17 52 95 93 48 61 91 60 43 57 93 91 30 20 73 54 84 6 56
59 75 56 60 81 38 4 56 15 25 62 62 39 98 86 67 95 70 86 17 80 2 28 73 63 0 24 71 35 22 44 63 46 71 73 6 86 74 68 81 4 94 19 45 86 20 94 74 99 1 16 53 88 39 20 33 3 25 69 72 25 71 62 36 13 62 55 86 7 62 55 7 16 57 43 32 18 14 46 34 57 99 92 15 32 80 34 82 88 33 97 44 29 47 51 46 98 62 63 24
91 99 50 29 40 94 33 14 49 19 68 35 86 13 33 31 9 41 88 67 44 12 6 85 52 0 11 49 21 8 42 96 73 1 90 39 43 34 52 43 37 83 75 22 61 89 78 32 58 68 48 66 64 78 4 67 37 68 12 3 59 89 16 67 28 16 40 80 45 92 55 36 72 76 44 60 32 30 45 8 22 66 17 14 32 15 6 34 3 44 58 30 75 47 49 38 50 65 86 88
8 34 71 59 64 35 98 4 56 41 19 93 53 37 59 14 49 69 83 95 3 19 4 31 25 13 51 75 76 15 85 89 46 96 70 79 77 88 48 41 52 84 70 33 77 42 60 78 68 18 57 43 37 50 71 15 95 49 23 11 15 98 87 57 98 50 37 4 19 94 53 1 53 45 89 98 38 85 62 73 34 58 22 1 42 51 35 53 17 8 2 82 12 80 74 37 17 54 26 54
16 35 91 48 65 85 28 12 39 78 5 0 62 41 25 21 49 86 50 84 66 11 39 67 36 21 22 94 39 49 69 50 93 84 24 86 56 79 12 15 40 34 59 86 67 68 56 3 84 75 32 71 31 28 56 78 89 28 70 62 80 23 97 70 48 50 89 94 66 66 87 53 48 92 8 45 52 34 80 96 14 34 75 49 73 62 55 20 37 95 88 76 32 20 39 59 41 8 46 70
56 10 49 88 22 31 88 28 5 63 61 45 74 25 38 29 95 60 68 20 38 56 85 61 54 71 66 43 88 49 66 54 96 79 50 48 47 3 62 84 23 45 58 66 6 49 43 58 55 18 21 44 77 11 16 86 74 72 46 57 34 12 34 26 63 75 21 62 99 63 42 12 91 66 22 32 77 15 22 71 54 54 4 95 38 72 61 34 48 50 49 43 24 3 12 91 20 45 7 9
22 28 98 41 12 46 44 32 47 22 65 57 21 16 93 83 18 21 23 35 85 58 57 76 88 18 79 76 38 76 69 78 25 29 16 8 64 18 16 31 58 61 4 32 65 88 38 50 78 29 44 73 50 19 84 56 96 13 81 76 25 69 33 27 10 3 72 71 47 72 83 76 48 4 45 64 94 54 82 0 71 86 97 27 84 71 47 87 92 91 23 87 87 37 90 3 44 33 58 75
90 9 97 65 6 16 85 80 25 78 53 6 73 39 11 80 52 45 26 15 14 89 68 48 24 9 88 64 42 88 65 16 74 66 78 27 43 56 0 99 29 98 83 56 88 64 10 62 16 21 94 47 24 1 79 81 32 4 67 11 83 97 16 80 85 48 56 67 93 27 91 73 99 65 73 83 24 17 15 92 37 56 56 81 60 31 27 3 90 43 59 72 78 48 65 79 35 45 15 49
71 28 54 69 51 66 62 65 90 5 74 70 50 78 81 45 68 56 24 80 19 60 69 26 13 80 71 21 0 89 42 36 68 17 89 94 63 99 52 64 73 95 50 95 14 99 7 79 76 79 2 50 14 68 92 84 22 69 71 82 79 74 68 35 88 31 74 9 94 81 57 51 75 69 98 55 31 18 87 87 12 74 51 94 33 88 65 20 94 75 87 98 33 29 45 13 1 98 88 44
10 22 76 51 58 90 60 40 98 69 37 54 82 99 93 34 59 44 94 73 38 75 33 23 69 43 46 2 99 43 95 67 47 34 13 32 6 75 32 69 52 40 17 57 58 88 63 72 71 29 26 59 66 11 38 72 3 3 71 4 61 33 69 75 54 48 70 48 50 51 12 91 25 13 47 19 78 72 14 7 85 82 18 83 24 17 25 90 80 53 66 59 77 38 79 14 36 34 16 25
1 77 80 36 33 9 97 27 35 28 13 39 55 33 69 28 47 58 59 81 68 97 34 49 41 18 68 91 71 78 66 84 70 30 82 19 60 24 1 23 97 14 29 7 92 10 51 72 6 69 94 40 4 8 66 59 86 16 66 18 87 37 13 49 91 89 16 82 75 19 53 61 48 33 55 6 22 36 5 77 70 68 97 13 87 10 98 18 6 49 13 9 26 92 46 53 50 48 98 42
32 29 10 29 77 6 83 61 36 98 35 49 52 66 41 78 35 2 83 18 88 18 56 34 33 41 58 30 61 32 69 32 47 83 38 0 83 69 31 61 37 22 23 79 62 67 62 44 18 6 84 45 53 50 86 76 72 79 17 55 7 8 0 46 70 49 1 57 6 55 20 57 8 24 27 60 13 21 62 88 78 57 40 13 99 29 32 72 7 59 45 93 29 60 2 74 33 78 32 44
32 73 50 24 71 82 47 65 21 58 17 13 28 18 93 97 69 35 77 69 85 56 88 45 87 33 0 67 62 66 80 80 99 70 38 34 48 30 55 67 10 8 50 88 10 61 78 65 91 33 14 6 67 37 48 61 50 34 23 57 70 79 73 73 83 68 72 66 30 78 69 59 8 97 77 13 48 93 23 97 79 79 21 58 26 9 9 33 92 99 8 3 8 72 69 82 38 68 18 35
15 58 29 65 1 86 34 25 88 89 44 99 34 34 13 66 7 57 57 37 42 60 71 9 30 79 66 30 30 96 6 7 23 4 78 7 41 93 3 99 49 59 79 88 25 69 73 87 89 18 90 13 41 51 21 35 61 64 12 62 68 45 60 17 63 96 8 19 83 48 95 16 97 22 44 53 24 37 57 25 51 83 57 5 39 70 74 97 56 73 8 96 32 33 62 99 60 80 5 69
51 73 24 92 14 9 68 86 73 93 91 76 20 90 1 27 12 56 56 94 55 54 24 80 26 57 80 87 88 78 45 1 57 60 74 29 5 64 58 32 77 62 68 9 7 66 92 0 65 96 98 15 96 78 1 74 74 64 96 2 32 49 89 15 11 87 52 38 76 7 4 51 93 24 25 63 59 50 6 12 12 45 18 74 70 18 48 18 70 39 16 1 92 18 68 46 21 1 65 84
83 19 1 68 65 68 17 7 86 61 97 2 34 49 39 46 37 63 50 24 40 54 78 13 62 90 83 51 18 77 37 54 50 74 85 44 31 35 7 96 48 95 13 55 2 18 78 30 81 26 84 87 40 28 44 26 77 64 42 57 40 58 78 12 22 19 59 73 72 82 23 0 51 75 91 69 69 86 73 23 18 7 80 67 68 95 87 70 15 48 26 46 8 21 76 18 12 79 23 54
93 70 87 16 57 88 33 7 9 41 28 36 65 55 19 67 47 68 17 96 99 90 19 63 11 42 46 4 43 83 67 98 53 76 6 13 11 38 77 70 17 62 7 23 92 39 32 65 31 77 3 32 98 76 44 49 11 10 30 21 99 32 38 16 45 88 45 88 16 2 57 99 31 53 73 63 62 20 97 79 39 50 11 46 53 79 27 1 16 50 24 98 75 88 63 1 75 52 94 93
62 94 61 80 84 60 49 61 80 0 13 35 0 54 49 68 51 45 28 90 26 17 15 59 59 66 80 31 84 78 5 85 28 58 21 33 67 81 54 46 30 93 6 76 96 2 40 38 41 42 2 44 79 58 4 73 79 80 79 10 18 10 23 23 50 80 91 78 60 27 93 75 83 78 1 26 48 11 54 60 18 48 92 18 42 64 40 10 60 8 60 5 85 58 45 63 73 90 16 21
92 74 81 46 35 57 56 30 12 65 28 73 39 64 28 80 31 71 28 30 49 37 37 68 75 71 6 84 34 43 21 77 3 33 69 65 18 48 1 25 65 66 1 51 58 74 85 53 3 44 57 49 18 36 95 10 11 77 23 42 4 38 45 63 48 12 35 90 18 26 68 32 23 24 72 43 51 15 23 54 5 94 1 81 81 43 9 77 30 12 79 43 80 60 52 32 9 30 56 27
64 96 48 74 21 45 2 16 8 5 61 13 59 58 22 77 37 60 7 64 94 64 6 67 86 84 7 40 10 95 17 44 52 81 88 17 55 4 65 58 91 40 4 58 36 60 52 43 58 25 79 64 61 8 39 22 90 7 48 26 87 65 37 9 77 36 49 27 97 21 25 64 14 87 51 78 41 2 66 8 21 39 63 38 56 64 83 46 82 29 3 51 42 18 53 2 96 14 35 7
6 84 0 62 23 18 27 65 80 4 54 18 58 67 81 32 85 44 22 19 28 70 13 22 61 78 37 20 97 20 70 77 74 14 0 22 63 44 94 79 15 92 86 0 35 80 34 55 31 69 63 68 80 90 20 41 44 61 7 72 56 19 95 78 72 21 74 81 55 0 83 47 33 49 24 58 12 32 39 97 81 9 17 52 83 63 91 17 83 32 15 56 77 25 44 81 14 52 89 60
80 99 66 39 98 57 26 29 11 14 19 3 63 55 32 98 2 68 21 9 14 97 78 35 77 45 69 37 96 96 51 82 21 94 39 22 81 7 12 21 98 40 5 2 82 38 30 56 0 63 48 4 62 2 23 33 90 30 49 82 36 12 43 74 11 4 89 35 64 51 2 39 48 53 19 94 37 65 55 70 81 29 82 46 56 95 53 17 2 78 86 53 47 9 46 76 46 13 96 27
95 18 64 40 7 9 71 38 92 23 21 96 58 95 46 65 88 1 56 82 46 83 43 10 0 63 67 28 25 83 6 75 18 44 69 2 96 45 22 95 65 43 64 28 94 56 79 93 77 14 77 81 37 30 79 31 4 13 72 46 28 69 87 70 9 60 50 44 56 18 1 49 9 46 54 49 35 77 84 82 26 22 63 59 35 15 40 76 68 97 86 55 63 81 94 74 43 60 58 74
25 87 80 17 27 25 33 63 19 24 18 1 63 6 64 73 47 13 18 27 65 12 1 68 0 74 29 96 99 5 0 59 5 96 29 37 45 31 46 40 67 35 38 60 43 24 37 4 53 60 33 84 59 76 12 56 72 95 92 86 30 40 99 82 57 15 79 78 41 1 77 18 65 2 97 83 23 68 40 0 57 65 59 29 8 94 42 12 34 67 66 55 2 66 11 44 33 80 76 95
84 54 31 9 32 66 57 73 29 99 1 5 86 21 95 58 90 84 86 31 86 20 8 23 47 58 81 7 86 46 72 21 5 70 74 59 23 96 93 77 27 69 19 43 98 96 79 96 71 84 17 81 86 67 22 54 18 73 82 22 34 78 41 6 38 33 16 98 25 87 9 61 33 14 21 84 85 14 69 97 60 5 97 61 59 22 48 92 62 0 19 36 92 18 93 53 32 11 5 68
90 40 70 27 16 21 92 73 50 9 55 93 66 25 40 98 41 12 62 49 56 92 18 77 0 21 4 46 99 23 44 65 48 72 50 53 77 40 75 42 52 95 66 88 29 76 86 62 50 97 32 6 38 10 48 7 87 1 36 72 80 93 77 62 84 32 33 70 88 91 27 51 30 0 21 34 59 3 26 24 14 35 17 21 29 22 4 75 31 13 44 7 50 44 72 60 96 81 25 69
89 36 99 7 79 28 29 41 23 66 30 57 95 77 69 1 86 8 29 35 23 98 26 24 86 59 82 90 75 91 93 69 68 39 21 54 58 4 39 66 0 68 88 69 70 78 80 46 95 2 75 88 23 30 97 82 43 2 32 76 75 45 74 65 74 22 78 61 71 76 61 28 34 86 57 52 77 65 27 97 88 54 28 40 76 56 8 71 80 43 48 23 63 71 3 23 90 76 50 32
23 2 27 51 6 57 29 34 42 35 22 12 90 11 2 20 97 53 67 15 31 90 5 1 49 81 47 31 65 50 87 75 87 64 72 31 64 24 80 5 99 76 73 50 66 42 18 86 82 90 68 49 29 8 25 80 80 26 22 54 92 63 59 71 72 29 87 75 46 20 21 51 10 85 86 71 47 11 18 7 0 45 9 63 1 30 11 51 74 84 51 58 86 31 96 48 39 46 38 96
95 42 9 82 37 65 10 97 75 50 60 21 44 36 12 5 93 40 30 53 20 23 76 94 23 2 4 66 3 99 33 16 67 84 31 7 90 52 39 99 2 70 67 95 92 65 71 60 54 43 60 43 68 54 15 87 33 57 86 8 15 8 9 0 85 60 83 59 21 49 71 4 43 98 30 45 37 35 28 65 80 89 8 92 48 90 7 12 75 6 33 35 36 46 47 61 86 69 23 5
43 32 18 25 40 9 80 6 32 52 69 29 16 97 18 88 18 50 19 44 28 96 87 51 51 1 38 2 21 5 85 94 22 79 96 56 17 31 24 79 13 48 57 87 61 20 69 5 72 7 58 12 5 96 97 58 51 11 10 10 98 44 65 24 17 41 97 86 93 17 28 80 14 75 96 0 53 23 14 96 14 32 70 79 63 69 61 60 6 62 98 73 73 8 81 9 77 80 14 83
23 41 28 75 82 56 34 35 41 10 95 24 72 95 56 35 9 15 43 30 89 56 51 31 5 9 16 55 80 9 32 40 60 63 29 83 92 57 26 34 19 53 95 38 92 67 72 55 83 9 36 18 67 14 61 21 14 68 40 98 3 68 83 33 53 19 56 99 84 91 45 68 33 18 2 6 87 88 50 78 52 5 6 77 33 62 20 86 67 44 63 23 52 30 44 62 33 85 48 26
32 21 52 49 50 91 90 0 18 99 1 70 7 26 25 79 25 28 62 69 18 85 51 31 45 84 41 29 74 10 72 52 46 85 26 78 25 15 30 72 70 88 51 92 51 25 59 2 64 43 80 56 2 7 70 59 84 8 11 25 14 64 9 35 62 85 57 22 57 47 77 35 93 57 5 83 50 23 55 35 6 9 47 43 84 77 80 38 73 32 15 42 2 36 7 84 96 16 11 72
70 1 21 61 32 16 64 18 45 76 32 53 35 39 94 81 64 19 37 89 8 27 60 93 98 65 46 39 30 12 8 1 14 63 2 48 16 45 49 8 34 79 92 10 1 67 1 51 36 81 61 36 76 51 52 73 77 99 15 82 94 94 69 89 90 37 3 82 50 80 25 0 4 35 56 52 99 82 14 83 4 12 65 37 12 43 98 55 79 61 22 32 72 40 61 74 57 68 16 68
71 44 12 17 76 63 3 28 23 54 60 2 75 85 97 67 39 13 19 84 57 36 98 42 53 74 85 59 95 81 63 23 24 94 76 6 40 88 66 90 80 65 90 47 59 88 31 7 57 0 47 37 4 2 47 25 61 23 59 53 84 38 24 67 2 83 5 9 25 66 1 63 77 86 46 88 85 78 48 91 79 14 60 56 58 72 38 57 26 51 91 44 33 5 0 74 64 22 80 19
26 32 71 42 53 12 9 70 12 43 97 10 16 1 43 77 75 96 93 82 10 41 54 32 93 58 26 8 37 95 95 63 20 90 33 75 29 85 96 72 52 53 28 19 90 85 23 84 20 90 53 77 54 98 48 69 14 53 79 19 5 16 20 26 13 68 69 68 44 75 86 48 74 8 7 91 11 7 14 6 83 68 87 0 92 29 58 1 43 72 6 80 24 60 36 93 53 40 21 12
68 30 91 25 27 80 91 35 5 38 19 9 90 3 83 49 98 71 19 98 25 83 7 68 45 40 34 57 9 40 23 40 63 18 48 14 92 8 71 84 39 2 34 47 11 56 2 96 20 0 39 42 85 88 11 13 9 17 79 0 67 66 50 65 34 7 7 8 1 37 65 3 31 98 36 15 40 74 82 62 71 62 92 75 89 2 15 47 57 81 15 76 58 51 92 2 50 23 67 42
38 88 98 75 71 53 23 19 38 40 45 17 98 15 30 97 87 73 76 51 86 10 34 64 0 9 72 16 24 79 60 95 76 55 91 4 81 94 25 20 23 68 5 48 63 21 6 68 26 61 57 57 2 76 91 45 34 24 0 72 49 22 70 63 15 90 84 61 48 93 25 91 89 90 11 7 60 98 76 88 94 0 47 13 11 20 40 68 2 35 35 16 47 32 80 56 94 71 89 34
10 56 99 11 73 99 78 50 26 12 42 36 58 7 44 57 76 95 70 32 24 7 46 44 18 68 43 0 82 77 34 50 44 68 5 81 3 16 47 40 37 18 24 0 33 1 21 22 73 22 54 48 7 21 83 59 34 45 35 97 65 67 4 24 10 4 99 51 50 21 15 19 71 13 91 46 39 94 14 63 31 63 42 32 0 28 22 32 48 89 8 31 47 8 6 49 88 38 39 68
71 34 70 13 62 70 74 65 4 7 39 14 59 89 11 84 67 16 74 70 22 54 62 44 79 43 34 34 40 94 49 15 26 50 13 41 34 74 81 83 38 52 90 37 4 74 98 19 25 8 44 88 22 54 63 79 10 12 80 3 0 18 31 26 83 19 6 40 9 28 7 46 78 13 46 88 67 74 52 85 18 45 66 8 35 80 92 66 22 80 73 69 49 49 15 71 27 59 2 91
92 78 83 49 7 92 35 10 92 49 9 84 30 35 47 62 12 27 48 82 2 58 48 7 68 53 20 98 20 35 58 46 4 5 21 58 22 42 39 96 27 97 59 30 69 6 35 32 88 41 33 68 49 71 81 18 97 30 75 20 86 45 36 87 17 39 0 20 99 3 94 54 65 12 33 99 33 92 5 95 81 67 42 16 73 11 22 87 3 4 56 42 7 59 1 81 8 65 22 29
75 6 70 51 92 69 68 4 31 91 75 75 53 83 5 53 22 26 93 23 81 66 98 7 62 46 82 26 35 86 41 8 19 43 62 81 57 54 16 25 93 10 40 6 56 57 99 26 22 55 51 36 9 78 36 50 21 63 77 42 86 49 64 11 51 0 80 35 38 49 86 52 57 68 83 86 37 1 20 32 47 56 59 39 26 16 58 1 62 6 48 15 27 5 64 79 21 76 99 71
44 33 59 63 62 16 99 51 65 35 27 55 94 37 45 29 88 59 52 35 82 19 16 3 91 83 47 28 21 51 32 15 55 1 70 64 0 88 33 9 95 11 39 41 28 19 65 96 39 19 1 36 73 62 38 13 86 19 9 93 9 60 42 57 92 62 18 23 53 72 7 75 41 41 27 51 79 30 36 76 36 1 66 87 44 91 3 38 73 67 49 4 12 18 35 78 90 11 66 76
55 84 19 26 23 95 85 73 76 41 36 67 62 87 18 63 96 69 74 17 55 48 40 15 87 60 83 54 78 95 6 38 49 70 85 82 90 41 46 62 74 21 24 6 6 3 90 84 96 1 94 35 21 5 25 3 44 79 65 70 24 58 42 73 79 33 58 69 3 30 12 97 27 39 27 70 2 86 89 7 85 3 19 83 38 95 95 69 98 80 35 1 78 33 82 19 21 37 26 16
67 16 22 89 43 76 8 32 6 53 98 14 94 87 93 56 67 56 45 93 72 56 37 7 15 26 68 43 85 77 93 66 40 61 0 32 61 51 95 35 46 61 11 78 99 32 26 77 88 22 54 51 11 55 72 5 3 7 7 85 82 60 14 45 50 16 5 11 23 65 21 99 21 25 99 35 86 95 38 11 28 60 91 64 39 83 30 84 56 24 66 36 12 90 72 90 37 20 35 44
35 91 38 83 50 41 87 9 35 4 79 67 6 31 93 23 59 37 35 89 93 12 54 36 17 55 19 70 51 96 85 52 32 78 21 18 83 25 54 40 67 56 52 28 52 2 65 0 23 58 16 28 50 80 86 42 1 52 73 38 46 26 54 25 28 12 69 34 99 28 94 32 59 19 93 19 63 85 86 52 11 30 90 90 33 61 49 92 21 13 52 35 7 80 53 77 40 33 1 54
54 21 62 74 95 49 37 81 97 89 16 92 20 56 51 53 42 25 7 89 22 95 30 89 0 61 37 35 64 11 91 17 96 25 81 36 38 51 90 8 38 87 77 33 89 60 81 11 92 54 28 61 20 22 33 77 51 66 67 49 20 11 16 88 90 96 24 6 63 92 30 19 45 50 19 56 49 85 58 43 35 93 80 57 41 20 85 10 23 76 70 44 26 33 12 75 38 76 65 1
67 36 16 39 34 65 19 43 66 68 74 75 21 12 35 18 73 54 7 32 24 5 19 92 47 12 48 68 32 42 86 4 4 57 28 43 4 6 29 76 97 69 7 41 19 41 0 26 15 49 10 56 73 22 47 43 99 2 39 80 27 91 97 79 32 6 16 75 77 98 31 19 59 61 36 27 98 25 39 41 64 80 23 17 74 54 97 21 77 80 28 23 81 24 0 69 87 85 77 51
31 65 10 0 21 15 73 88 88 95 77 35 17 90 73 20 59 90 26 77 2 44 61 0 92 46 29 22 61 94 75 78 82 26 56 55 0 4 8 81 99 42 87 66 52 12 85 57 70 7 69 10 37 77 59 79 99 20 57 44 51 0 86 28 66 74 65 50 74 13 63 42 28 9 88 68 33 9 43 24 22 7 99 87 87 94 95 72 55 69 35 79 52 55 96 10 75 10 4 29
81 78 74 18 28 9 8 22 20 37 52 34 75 0 97 62 85 25 32 36 72 57 40 27 89 83 57 8 36 18 5 76 64 46 38 14 76 83 50 18 28 64 98 54 25 54 30 73 31 10 25 50 27 64 51 71 53 34 8 84 60 66 80 39 29 67 81 38 75 41 7 74 15 51 99 68 7 4 72 57 65 5 38 74 21 4 25 83 6 92 37 1 77 13 96 17 14 0 54 55
46 96 83 79 17 84 9 43 64 50 1 57 35 80 32 58 63 57 3 17 19 9 59 85 89 84 52 33 32 59 33 38 80 42 14 31 35 85 64 22 10 1 13 84 43 95 45 88 92 90 28 45 72 15 65 8 96 49 6 25 7 23 6 9 75 23 94 14 63 62 97 7 11 87 62 93 14 9 43 14 53 58 78 47 88 62 44 86 99 3 44 80 12 33 8 26 34 93 49 69
12 91 19 12 52 88 58 39 72 66 47 9 15 33 42 69 56 41 65 53 22 82 21 16 62 76 44 11 67 82 7 72 91 48 34 6 5 35 28 94 28 28 89 34 1 25 19 31 10 7 21 48 63 32 52 94 56 8 89 59 47 38 61 33 61 28 60 2 13 35 23 71 61 46 99 99 71 65 42 76 12 54 37 47 65 93 9 96 52 61 49 36 5 47 26 14 51 50 51 24
75 23 68 39 74 99 6 69 23 41 61 28 59 57 76 59 42 65 29 97 79 2 47 10 18 58 98 31 71 80 67 32 70 60 93 7 75 7 10 51 50 68 71 38 76 87 17 93 12 81 73 13 12 56 38 72 80 61 61 31 84 32 76 30 17 82 68 26 49 39 63 97 41 66 29 40 44 29 15 98 89 40 21 27 34 28 65 52 3 17 69 65 74 71 71 45 72 85 65 58
72 69 77 49 86 40 81 22 22 71 92 64 69 94 22 98 96 31 50 49 28 19 53 74 98 56 14 89 22 76 36 13 88 63 75 37 92 21 68 51 48 44 39 8 16 15 27 5 33 68 53 53 35 37 52 19 76 30 93 13 67 53 45 12 12 2 44 7 74 18 60 0 10 6 50 8 92 55 81 25 47 14 94 19 86 95 42 43 55 13 57 57 6 80 11 79 4 97 15 35
11 12 32 26 13 80 31 92 74 77 95 68 72 34 27 91 2 9 44 64 39 7 53 30 24 4 21 49 7 75 21 49 8 64 5 89 74 67 9 50 17 63 17 25 7 28 5 90 51 53 41 86 78 98 71 21 77 40 85 77 27 45 50 65 69 57 37 23 94 47 81 18 93 2 60 40 41 22 51 76 1 85 70 56 99 28 9 61 20 40 24 46 38 41 72 52 71 63 38 68
3 26 73 94 93 34 39 72 48 32 32 63 64 80 22 47 82 37 25 66 76 76 53 30 55 81 6 43 53 66 6 16 1 53 30 22 85 12 50 95 67 11 21 9 21 73 1 36 22 97 56 27 84 98 70 95 76 62 96 45 13 9 61 59 31 50 80 15 53 89 83 23 58 34 48 56 9 96 45 24 39 42 68 37 43 83 31 42 37 31 36 21 1 77 78 76 77 12 48 57
28 12 73 78 96 29 31 21 48 80 62 48 14 24 22 43 45 63 26 15 68 3 75 68 10 43 43 81 98 29 57 97 82 74 23 51 79 35 33 55 2 69 10 0 28 93 81 92 58 45 85 0 11 32 73 71 35 43 43 38 89 11 0 0 94 61 47 34 11 58 9 30 96 69 13 90 35 38 51 69 20 85 23 45 35 90 59 62 5 29 11 95 62 23 64 25 22 72 2 29
77 6 29 72 79 24 10 80 11 88 80 50 43 70 84 38 54 24 94 91 68 9 60 8 66 71 72 39 22 68 65 40 55 47 74 42 50 67 11 62 40 88 45 44 0 43 2 98 57 81 21 16 64 49 51 66 60 95 24 1 27 29 4 62 5 66 27 48 61 47 64 23 13 88 28 92 71 80 50 51 57 93 54 11 45 11 0 5 93 28 95 77 74 52 53 51 57 20 20 28
35 61 76 21 83 51 55 87 52 39 83 13 45 23 29 37 96 80 31 67 54 24 10 64 80 23 67 42 72 3 4 11 68 69 52 54 73 55 78 0 83 2 83 18 91 88 76 12 20 20 36 35 98 65 87 18 16 67 29 42 97 18 1 17 85 66 86 13 55 50 51 6 60 51 62 54 34 21 46 87 31 71 87 23 48 90 52 97 56 55 84 80 82 5 53 15 17 79 17 76
20 98 82 17 85 54 38 93 35 12 61 39 25 27 55 34 25 70 89 88 69 19 99 33 99 95 2 26 84 12 72 96 15 36 34 67 62 40 27 0 96 39 84 45 10 50 56 23 6 45 33 67 36 11 78 24 55 94 93 96 94 17 78 57 99 39 36 53 59 55 98 54 28 84 99 75 36 54 18 71 42 26 26 62 62 76 61 25 35 25 57 64 9 31 57 43 60 48 15 81
10 92 22 51 77 38 14 3 15 19 13 74 16 72 8 98 80 53 57 29 40 24 4 94 14 48 83 54 60 21 34 9 25 64 62 75 49 28 39 51 27 57 75 39 50 36 0 1 17 93 3 88 2 53 28 64 26 21 23 21 84 77 51 69 76 12 8 59 99 49 15 12 51 80 20 44 12 49 5 43 19 23 56 88 63 48 80 33 38 31 69 69 33 26 16 14 86 77 16 56
20 28 86 3 43 16 79 67 25 54 80 98 15 45 27 24 9 68 82 77 30 1 2 33 81 96 76 89 12 87 91 31 26 31 46 74 58 12 2 77 27 76 68 88 54 88 2 74 73 6 34 57 5 67 31 73 40 95 16 41 80 92 37 39 14 28 53 59 77 27 67 97 68 7 29 39 96 34 59 85 27 13 93 77 16 67 72 55 2 92 25 64 15 89 34 96 12 46 80 56
